A*:
Inicio: (18, 11) 
Chegada: (1, 11) 
Caminho: [(18, 11), (17, 11), (16, 11), (15, 11), (14, 11), (13, 11), (12, 11), (11, 11), (10, 11), (9, 11), (8, 11), (7, 11), (6, 11), (5, 11), (4, 11), (3, 11), (2, 11), (1, 11)] 
Custo: 170 
Nos Gerados: 53 
Nos Visitados: 18 
Funcao de Custo: 1 
 Heuristica: Euclidiana

A*:
Inicio: (18, 11) 
Chegada: (1, 11) 
Caminho: [(18, 11), (17, 11), (16, 11), (15, 11), (14, 11), (13, 11), (12, 11), (11, 11), (10, 11), (9, 11), (8, 11), (7, 11), (6, 11), (5, 11), (4, 11), (3, 11), (2, 11), (1, 11)] 
Custo: 170 
Nos Gerados: 53 
Nos Visitados: 18 
Funcao de Custo: 2 
 Heuristica: Euclidiana

A*:
Inicio: (18, 11) 
Chegada: (1, 11) 
Caminho: [(18, 11), (17, 11), (16, 11), (15, 11), (14, 11), (13, 11), (12, 11), (11, 11), (10, 11), (9, 11), (8, 11), (7, 11), (6, 11), (5, 11), (4, 11), (3, 11), (2, 11), (1, 11)] 
Custo: 170 
Nos Gerados: 53 
Nos Visitados: 18 
Funcao de Custo: 3 
 Heuristica: Euclidiana

A*:
Inicio: (18, 11) 
Chegada: (1, 11) 
Caminho: [(18, 11), (17, 11), (16, 11), (15, 11), (14, 11), (13, 11), (12, 11), (11, 11), (10, 11), (9, 11), (8, 11), (7, 11), (6, 11), (5, 11), (4, 11), (3, 11), (2, 11), (1, 11)] 
Custo: 170 
Nos Gerados: 53 
Nos Visitados: 18 
Funcao de Custo: 4 
 Heuristica: Euclidiana

A*:
Inicio: (9, 20) 
Chegada: (15, 8) 
Caminho: [(9, 20), (9, 19), (9, 18), (9, 17), (10, 17), (10, 16), (10, 15), (10, 14), (10, 13), (10, 12), (10, 11), (10, 10), (11, 10), (12, 10), (13, 10), (13, 9), (14, 9), (14, 8), (15, 8)] 
Custo: 180 
Nos Gerados: 134 
Nos Visitados: 94 
Funcao de Custo: 1 
 Heuristica: Euclidiana

A*:
Inicio: (9, 20) 
Chegada: (15, 8) 
Caminho: [(9, 20), (10, 20), (11, 20), (11, 19), (11, 18), (11, 17), (11, 16), (12, 16), (12, 15), (12, 14), (12, 13), (13, 13), (13, 12), (13, 11), (13, 10), (14, 10), (14, 9), (15, 9), (15, 8)] 
Custo: 240 
Nos Gerados: 235 
Nos Visitados: 188 
Funcao de Custo: 2 
 Heuristica: Euclidiana

A*:
Inicio: (9, 20) 
Chegada: (15, 8) 
Caminho: [(9, 20), (9, 19), (10, 19), (11, 19), (11, 18), (11, 17), (11, 16), (12, 16), (12, 15), (12, 14), (12, 13), (13, 13), (13, 12), (13, 11), (13, 10), (14, 10), (14, 9), (15, 9), (15, 8)] 
Custo: 206 
Nos Gerados: 188 
Nos Visitados: 144 
Funcao de Custo: 3 
 Heuristica: Euclidiana

A*:
Inicio: (9, 20) 
Chegada: (15, 8) 
Caminho: [(9, 20), (9, 19), (10, 19), (11, 19), (11, 18), (11, 17), (11, 16), (11, 15), (12, 15), (12, 14), (12, 13), (12, 12), (12, 11), (12, 10), (13, 10), (13, 9), (14, 9), (14, 8), (15, 8)] 
Custo: 161 
Nos Gerados: 106 
Nos Visitados: 67 
Funcao de Custo: 4 
 Heuristica: Euclidiana

A*:
Inicio: (3, 16) 
Chegada: (26, 5) 
Caminho: [(3, 16), (4, 16), (5, 16), (6, 16), (7, 16), (8, 16), (8, 15), (9, 15), (10, 15), (11, 15), (12, 15), (13, 15), (14, 15), (15, 15), (16, 15), (16, 14), (17, 14), (17, 13), (18, 13), (19, 13), (19, 12), (20, 12), (21, 12), (22, 12), (23, 12), (23, 11), (23, 10), (23, 9), (23, 8), (24, 8), (24, 7), (25, 7), (25, 6), (26, 6), (26, 5)] 
Custo: 340 
Nos Gerados: 429 
Nos Visitados: 363 
Funcao de Custo: 1 
 Heuristica: Euclidiana

A*:
Inicio: (3, 16) 
Chegada: (26, 5) 
Caminho: [(3, 16), (4, 16), (5, 16), (6, 16), (7, 16), (8, 16), (9, 16), (10, 16), (11, 16), (12, 16), (13, 16), (14, 16), (15, 16), (16, 16), (17, 16), (18, 16), (19, 16), (20, 16), (21, 16), (22, 16), (22, 15), (22, 14), (22, 13), (23, 13), (23, 12), (23, 11), (23, 10), (24, 10), (24, 9), (24, 8), (24, 7), (25, 7), (25, 6), (26, 6), (26, 5)] 
Custo: 395 
Nos Gerados: 509 
Nos Visitados: 443 
Funcao de Custo: 2 
 Heuristica: Euclidiana

A*:
Inicio: (3, 16) 
Chegada: (26, 5) 
Caminho: [(3, 16), (4, 16), (5, 16), (6, 16), (7, 16), (8, 16), (9, 16), (10, 16), (11, 16), (12, 16), (13, 16), (14, 16), (15, 16), (15, 15), (15, 14), (15, 13), (16, 13), (17, 13), (18, 13), (18, 12), (18, 11), (18, 10), (19, 10), (20, 10), (21, 10), (21, 9), (21, 8), (22, 8), (23, 8), (24, 8), (24, 7), (24, 6), (25, 6), (26, 6), (26, 5)] 
Custo: 355 
Nos Gerados: 453 
Nos Visitados: 382 
Funcao de Custo: 3 
 Heuristica: Euclidiana

A*:
Inicio: (3, 16) 
Chegada: (26, 5) 
Caminho: [(3, 16), (4, 16), (5, 16), (6, 16), (7, 16), (8, 16), (9, 16), (10, 16), (11, 16), (12, 16), (12, 15), (12, 14), (12, 13), (12, 12), (12, 11), (12, 10), (13, 10), (13, 9), (14, 9), (15, 9), (16, 9), (17, 9), (18, 9), (18, 8), (19, 8), (20, 8), (21, 8), (21, 7), (22, 7), (23, 7), (24, 7), (25, 7), (25, 6), (26, 6), (26, 5)] 
Custo: 312 
Nos Gerados: 378 
Nos Visitados: 301 
Funcao de Custo: 4 
 Heuristica: Euclidiana

A*:
Inicio: (26, 2) 
Chegada: (0, 12) 
Caminho: [(26, 2), (25, 2), (24, 2), (23, 2), (22, 2), (21, 2), (20, 2), (19, 2), (18, 2), (17, 2), (16, 2), (16, 3), (15, 3), (14, 3), (13, 3), (12, 3), (11, 3), (10, 3), (9, 3), (8, 3), (7, 3), (6, 3), (5, 3), (5, 4), (4, 4), (3, 4), (3, 5), (3, 6), (3, 7), (3, 8), (3, 9), (2, 9), (2, 10), (1, 10), (1, 11), (1, 12), (0, 12)] 
Custo: 360 
Nos Gerados: 407 
Nos Visitados: 357 
Funcao de Custo: 1 
 Heuristica: Euclidiana

A*:
Inicio: (26, 2) 
Chegada: (0, 12) 
Caminho: [(26, 2), (25, 2), (24, 2), (23, 2), (22, 2), (21, 2), (20, 2), (19, 2), (18, 2), (17, 2), (16, 2), (15, 2), (14, 2), (13, 2), (12, 2), (11, 2), (10, 2), (9, 2), (8, 2), (7, 2), (6, 2), (5, 2), (4, 2), (4, 3), (4, 4), (3, 4), (3, 5), (3, 6), (3, 7), (2, 7), (2, 8), (2, 9), (2, 10), (1, 10), (1, 11), (0, 11), (0, 12)] 
Custo: 410 
Nos Gerados: 392 
Nos Visitados: 360 
Funcao de Custo: 2 
 Heuristica: Euclidiana

A*:
Inicio: (26, 2) 
Chegada: (0, 12) 
Caminho: [(26, 2), (25, 2), (24, 2), (23, 2), (22, 2), (21, 2), (20, 2), (20, 3), (20, 4), (19, 4), (18, 4), (17, 4), (16, 4), (16, 5), (16, 6), (16, 7), (15, 7), (14, 7), (13, 7), (12, 7), (11, 7), (11, 8), (10, 8), (9, 8), (8, 8), (8, 9), (7, 9), (6, 9), (5, 9), (4, 9), (3, 9), (2, 9), (2, 10), (1, 10), (1, 11), (0, 11), (0, 12)] 
Custo: 375 
Nos Gerados: 395 
Nos Visitados: 357 
Funcao de Custo: 3 
 Heuristica: Euclidiana

A*:
Inicio: (26, 2) 
Chegada: (0, 12) 
Caminho: [(26, 2), (25, 2), (24, 2), (23, 2), (22, 2), (21, 2), (20, 2), (19, 2), (18, 2), (18, 3), (18, 4), (18, 5), (18, 6), (18, 7), (17, 7), (16, 7), (15, 7), (14, 7), (13, 7), (12, 7), (12, 8), (11, 8), (10, 8), (9, 8), (8, 8), (8, 9), (7, 9), (6, 9), (5, 9), (4, 9), (3, 9), (2, 9), (2, 10), (1, 10), (1, 11), (1, 12), (0, 12)] 
Custo: 337 
Nos Gerados: 348 
Nos Visitados: 285 
Funcao de Custo: 4 
 Heuristica: Euclidiana

A*:
Inicio: (28, 27) 
Chegada: (27, 24) 
Caminho: [(28, 27), (28, 26), (28, 25), (28, 24), (27, 24)] 
Custo: 40 
Nos Gerados: 14 
Nos Visitados: 5 
Funcao de Custo: 1 
 Heuristica: Euclidiana

A*:
Inicio: (28, 27) 
Chegada: (27, 24) 
Caminho: [(28, 27), (28, 26), (28, 25), (27, 25), (27, 24)] 
Custo: 55 
Nos Gerados: 22 
Nos Visitados: 11 
Funcao de Custo: 2 
 Heuristica: Euclidiana

A*:
Inicio: (28, 27) 
Chegada: (27, 24) 
Caminho: [(28, 27), (28, 26), (28, 25), (27, 25), (27, 24)] 
Custo: 48 
Nos Gerados: 19 
Nos Visitados: 9 
Funcao de Custo: 3 
 Heuristica: Euclidiana

A*:
Inicio: (28, 27) 
Chegada: (27, 24) 
Caminho: [(28, 27), (28, 26), (28, 25), (27, 25), (27, 24)] 
Custo: 43 
Nos Gerados: 19 
Nos Visitados: 9 
Funcao de Custo: 4 
 Heuristica: Euclidiana

A*:
Inicio: (27, 6) 
Chegada: (29, 11) 
Caminho: [(27, 6), (27, 7), (27, 8), (27, 9), (28, 9), (28, 10), (29, 10), (29, 11)] 
Custo: 70 
Nos Gerados: 34 
Nos Visitados: 17 
Funcao de Custo: 1 
 Heuristica: Euclidiana

A*:
Inicio: (27, 6) 
Chegada: (29, 11) 
Caminho: [(27, 6), (27, 7), (27, 8), (27, 9), (28, 9), (28, 10), (29, 10), (29, 11)] 
Custo: 95 
Nos Gerados: 43 
Nos Visitados: 28 
Funcao de Custo: 2 
 Heuristica: Euclidiana

A*:
Inicio: (27, 6) 
Chegada: (29, 11) 
Caminho: [(27, 6), (27, 7), (27, 8), (27, 9), (28, 9), (28, 10), (29, 10), (29, 11)] 
Custo: 81 
Nos Gerados: 41 
Nos Visitados: 25 
Funcao de Custo: 3 
 Heuristica: Euclidiana

A*:
Inicio: (27, 6) 
Chegada: (29, 11) 
Caminho: [(27, 6), (27, 7), (27, 8), (27, 9), (28, 9), (28, 10), (29, 10), (29, 11)] 
Custo: 76 
Nos Gerados: 38 
Nos Visitados: 23 
Funcao de Custo: 4 
 Heuristica: Euclidiana

A*:
Inicio: (24, 27) 
Chegada: (11, 19) 
Caminho: [(24, 27), (23, 27), (22, 27), (21, 27), (20, 27), (19, 27), (19, 26), (18, 26), (18, 25), (18, 24), (17, 24), (17, 23), (17, 22), (16, 22), (15, 22), (15, 21), (14, 21), (13, 21), (12, 21), (12, 20), (12, 19), (11, 19)] 
Custo: 210 
Nos Gerados: 206 
Nos Visitados: 164 
Funcao de Custo: 1 
 Heuristica: Euclidiana

A*:
Inicio: (24, 27) 
Chegada: (11, 19) 
Caminho: [(24, 27), (23, 27), (22, 27), (21, 27), (20, 27), (19, 27), (18, 27), (17, 27), (16, 27), (15, 27), (14, 27), (14, 26), (14, 25), (14, 24), (13, 24), (13, 23), (13, 22), (13, 21), (12, 21), (12, 20), (11, 20), (11, 19)] 
Custo: 250 
Nos Gerados: 236 
Nos Visitados: 196 
Funcao de Custo: 2 
 Heuristica: Euclidiana

A*:
Inicio: (24, 27) 
Chegada: (11, 19) 
Caminho: [(24, 27), (23, 27), (22, 27), (21, 27), (20, 27), (19, 27), (18, 27), (18, 26), (17, 26), (16, 26), (15, 26), (14, 26), (14, 25), (14, 24), (13, 24), (13, 23), (13, 22), (13, 21), (12, 21), (12, 20), (11, 20), (11, 19)] 
Custo: 226 
Nos Gerados: 211 
Nos Visitados: 171 
Funcao de Custo: 3 
 Heuristica: Euclidiana

A*:
Inicio: (24, 27) 
Chegada: (11, 19) 
Caminho: [(24, 27), (23, 27), (22, 27), (21, 27), (20, 27), (19, 27), (18, 27), (18, 26), (17, 26), (16, 26), (16, 25), (15, 25), (15, 24), (15, 23), (14, 23), (14, 22), (14, 21), (13, 21), (12, 21), (12, 20), (11, 20), (11, 19)] 
Custo: 201 
Nos Gerados: 187 
Nos Visitados: 139 
Funcao de Custo: 4 
 Heuristica: Euclidiana

A*:
Inicio: (7, 5) 
Chegada: (20, 29) 
Caminho: [(7, 5), (7, 6), (7, 7), (7, 8), (7, 9), (7, 10), (7, 11), (7, 12), (7, 13), (7, 14), (7, 15), (8, 15), (8, 16), (8, 17), (8, 18), (8, 19), (8, 20), (8, 21), (8, 22), (8, 23), (9, 23), (10, 23), (11, 23), (12, 23), (12, 24), (13, 24), (14, 24), (15, 24), (15, 25), (16, 25), (17, 25), (17, 26), (17, 27), (18, 27), (19, 27), (19, 28), (20, 28), (20, 29)] 
Custo: 370 
Nos Gerados: 510 
Nos Visitados: 429 
Funcao de Custo: 1 
 Heuristica: Euclidiana

A*:
Inicio: (7, 5) 
Chegada: (20, 29) 
Caminho: [(7, 5), (8, 5), (9, 5), (10, 5), (11, 5), (12, 5), (13, 5), (14, 5), (14, 6), (14, 7), (14, 8), (14, 9), (14, 10), (14, 11), (15, 11), (15, 12), (15, 13), (15, 14), (15, 15), (15, 16), (16, 16), (16, 17), (16, 18), (16, 19), (16, 20), (16, 21), (17, 21), (17, 22), (17, 23), (17, 24), (18, 24), (18, 25), (18, 26), (18, 27), (19, 27), (19, 28), (20, 28), (20, 29)] 
Custo: 490 
Nos Gerados: 762 
Nos Visitados: 704 
Funcao de Custo: 2 
 Heuristica: Euclidiana

A*:
Inicio: (7, 5) 
Chegada: (20, 29) 
Caminho: [(7, 5), (7, 6), (8, 6), (9, 6), (9, 7), (9, 8), (9, 9), (9, 10), (10, 10), (10, 11), (10, 12), (10, 13), (11, 13), (11, 14), (11, 15), (11, 16), (12, 16), (12, 17), (12, 18), (12, 19), (13, 19), (14, 19), (14, 20), (15, 20), (15, 21), (15, 22), (15, 23), (16, 23), (17, 23), (17, 24), (18, 24), (18, 25), (18, 26), (18, 27), (19, 27), (19, 28), (20, 28), (20, 29)] 
Custo: 417 
Nos Gerados: 643 
Nos Visitados: 576 
Funcao de Custo: 3 
 Heuristica: Euclidiana

A*:
Inicio: (7, 5) 
Chegada: (20, 29) 
Caminho: [(7, 5), (7, 6), (8, 6), (9, 6), (9, 7), (9, 8), (9, 9), (9, 10), (9, 11), (10, 11), (10, 12), (10, 13), (10, 14), (10, 15), (10, 16), (10, 17), (10, 18), (10, 19), (10, 20), (11, 20), (12, 20), (13, 20), (14, 20), (14, 21), (14, 22), (14, 23), (14, 24), (14, 25), (14, 26), (15, 26), (16, 26), (16, 27), (17, 27), (18, 27), (18, 28), (19, 28), (19, 29), (20, 29)] 
Custo: 329 
Nos Gerados: 388 
Nos Visitados: 311 
Funcao de Custo: 4 
 Heuristica: Euclidiana

A*:
Inicio: (12, 6) 
Chegada: (12, 18) 
Caminho: [(12, 6), (12, 7), (12, 8), (12, 9), (12, 10), (12, 11), (12, 12), (12, 13), (12, 14), (12, 15), (12, 16), (12, 17), (12, 18)] 
Custo: 120 
Nos Gerados: 38 
Nos Visitados: 13 
Funcao de Custo: 1 
 Heuristica: Euclidiana

A*:
Inicio: (12, 6) 
Chegada: (12, 18) 
Caminho: [(12, 6), (12, 7), (12, 8), (12, 9), (12, 10), (12, 11), (12, 12), (12, 13), (12, 14), (12, 15), (12, 16), (12, 17), (12, 18)] 
Custo: 180 
Nos Gerados: 110 
Nos Visitados: 77 
Funcao de Custo: 2 
 Heuristica: Euclidiana

A*:
Inicio: (12, 6) 
Chegada: (12, 18) 
Caminho: [(12, 6), (12, 7), (12, 8), (12, 9), (12, 10), (12, 11), (12, 12), (12, 13), (12, 14), (12, 15), (12, 16), (12, 17), (12, 18)] 
Custo: 150 
Nos Gerados: 71 
Nos Visitados: 42 
Funcao de Custo: 3 
 Heuristica: Euclidiana

A*:
Inicio: (12, 6) 
Chegada: (12, 18) 
Caminho: [(12, 6), (12, 7), (12, 8), (12, 9), (12, 10), (12, 11), (12, 12), (12, 13), (12, 14), (12, 15), (12, 16), (12, 17), (12, 18)] 
Custo: 115 
Nos Gerados: 40 
Nos Visitados: 15 
Funcao de Custo: 4 
 Heuristica: Euclidiana

A*:
Inicio: (22, 20) 
Chegada: (2, 22) 
Caminho: [(22, 20), (21, 20), (20, 20), (19, 20), (18, 20), (17, 20), (16, 20), (15, 20), (14, 20), (13, 20), (12, 20), (11, 20), (10, 20), (9, 20), (8, 20), (7, 20), (6, 20), (5, 20), (4, 20), (4, 21), (3, 21), (3, 22), (2, 22)] 
Custo: 220 
Nos Gerados: 110 
Nos Visitados: 65 
Funcao de Custo: 1 
 Heuristica: Euclidiana

A*:
Inicio: (22, 20) 
Chegada: (2, 22) 
Caminho: [(22, 20), (21, 20), (20, 20), (19, 20), (18, 20), (17, 20), (16, 20), (15, 20), (14, 20), (13, 20), (12, 20), (11, 20), (10, 20), (9, 20), (8, 20), (7, 20), (6, 20), (5, 20), (4, 20), (3, 20), (3, 21), (2, 21), (2, 22)] 
Custo: 230 
Nos Gerados: 120 
Nos Visitados: 74 
Funcao de Custo: 2 
 Heuristica: Euclidiana

A*:
Inicio: (22, 20) 
Chegada: (2, 22) 
Caminho: [(22, 20), (21, 20), (20, 20), (19, 20), (18, 20), (17, 20), (16, 20), (15, 20), (14, 20), (13, 20), (12, 20), (11, 20), (10, 20), (9, 20), (8, 20), (7, 20), (6, 20), (5, 20), (4, 20), (3, 20), (3, 21), (2, 21), (2, 22)] 
Custo: 224 
Nos Gerados: 120 
Nos Visitados: 74 
Funcao de Custo: 3 
 Heuristica: Euclidiana

A*:
Inicio: (22, 20) 
Chegada: (2, 22) 
Caminho: [(22, 20), (21, 20), (20, 20), (19, 20), (18, 20), (17, 20), (16, 20), (15, 20), (14, 20), (13, 20), (12, 20), (11, 20), (10, 20), (9, 20), (8, 20), (7, 20), (6, 20), (5, 20), (4, 20), (3, 20), (3, 21), (2, 21), (2, 22)] 
Custo: 228 
Nos Gerados: 162 
Nos Visitados: 114 
Funcao de Custo: 4 
 Heuristica: Euclidiana

A*:
Inicio: (11, 3) 
Chegada: (0, 25) 
Caminho: [(11, 3), (11, 4), (11, 5), (11, 6), (10, 6), (10, 7), (10, 8), (10, 9), (10, 10), (10, 11), (10, 12), (10, 13), (10, 14), (9, 14), (9, 15), (9, 16), (9, 17), (9, 18), (8, 18), (8, 19), (8, 20), (7, 20), (6, 20), (5, 20), (4, 20), (3, 20), (2, 20), (2, 21), (2, 22), (2, 23), (2, 24), (1, 24), (1, 25), (0, 25)] 
Custo: 330 
Nos Gerados: 393 
Nos Visitados: 327 
Funcao de Custo: 1 
 Heuristica: Euclidiana

A*:
Inicio: (11, 3) 
Chegada: (0, 25) 
Caminho: [(11, 3), (10, 3), (9, 3), (8, 3), (7, 3), (6, 3), (6, 4), (6, 5), (6, 6), (6, 7), (5, 7), (5, 8), (5, 9), (5, 10), (5, 11), (5, 12), (4, 12), (4, 13), (4, 14), (4, 15), (4, 16), (4, 17), (3, 17), (3, 18), (3, 19), (3, 20), (2, 20), (2, 21), (2, 22), (2, 23), (1, 23), (1, 24), (0, 24), (0, 25)] 
Custo: 440 
Nos Gerados: 505 
Nos Visitados: 468 
Funcao de Custo: 2 
 Heuristica: Euclidiana

A*:
Inicio: (11, 3) 
Chegada: (0, 25) 
Caminho: [(11, 3), (11, 4), (10, 4), (9, 4), (9, 5), (8, 5), (8, 6), (8, 7), (8, 8), (8, 9), (7, 9), (6, 9), (5, 9), (5, 10), (5, 11), (5, 12), (4, 12), (4, 13), (4, 14), (4, 15), (4, 16), (4, 17), (3, 17), (3, 18), (3, 19), (3, 20), (2, 20), (2, 21), (2, 22), (2, 23), (1, 23), (1, 24), (0, 24), (0, 25)] 
Custo: 372 
Nos Gerados: 428 
Nos Visitados: 389 
Funcao de Custo: 3 
 Heuristica: Euclidiana

A*:
Inicio: (11, 3) 
Chegada: (0, 25) 
Caminho: [(11, 3), (11, 4), (10, 4), (9, 4), (9, 5), (8, 5), (8, 6), (8, 7), (8, 8), (8, 9), (8, 10), (8, 11), (8, 12), (8, 13), (8, 14), (8, 15), (8, 16), (8, 17), (8, 18), (7, 18), (6, 18), (5, 18), (5, 19), (5, 20), (5, 21), (5, 22), (5, 23), (4, 23), (3, 23), (2, 23), (1, 23), (1, 24), (0, 24), (0, 25)] 
Custo: 304 
Nos Gerados: 332 
Nos Visitados: 267 
Funcao de Custo: 4 
 Heuristica: Euclidiana

A*:
Inicio: (2, 9) 
Chegada: (16, 12) 
Caminho: [(2, 9), (3, 9), (4, 9), (5, 9), (6, 9), (7, 9), (8, 9), (9, 9), (10, 9), (11, 9), (11, 10), (12, 10), (13, 10), (14, 10), (15, 10), (15, 11), (15, 12), (16, 12)] 
Custo: 170 
Nos Gerados: 104 
Nos Visitados: 66 
Funcao de Custo: 1 
 Heuristica: Euclidiana

A*:
Inicio: (2, 9) 
Chegada: (16, 12) 
Caminho: [(2, 9), (3, 9), (4, 9), (5, 9), (6, 9), (7, 9), (8, 9), (9, 9), (10, 9), (11, 9), (12, 9), (13, 9), (14, 9), (14, 10), (15, 10), (15, 11), (16, 11), (16, 12)] 
Custo: 185 
Nos Gerados: 123 
Nos Visitados: 85 
Funcao de Custo: 2 
 Heuristica: Euclidiana

A*:
Inicio: (2, 9) 
Chegada: (16, 12) 
Caminho: [(2, 9), (3, 9), (4, 9), (5, 9), (6, 9), (7, 9), (8, 9), (9, 9), (10, 9), (11, 9), (12, 9), (13, 9), (14, 9), (14, 10), (15, 10), (15, 11), (16, 11), (16, 12)] 
Custo: 176 
Nos Gerados: 115 
Nos Visitados: 78 
Funcao de Custo: 3 
 Heuristica: Euclidiana

A*:
Inicio: (2, 9) 
Chegada: (16, 12) 
Caminho: [(2, 9), (3, 9), (4, 9), (5, 9), (6, 9), (7, 9), (8, 9), (9, 9), (10, 9), (11, 9), (11, 10), (12, 10), (13, 10), (14, 10), (14, 11), (15, 11), (15, 12), (16, 12)] 
Custo: 163 
Nos Gerados: 91 
Nos Visitados: 55 
Funcao de Custo: 4 
 Heuristica: Euclidiana

A*:
Inicio: (11, 24) 
Chegada: (13, 14) 
Caminho: [(11, 24), (11, 23), (11, 22), (11, 21), (11, 20), (11, 19), (11, 18), (11, 17), (11, 16), (12, 16), (12, 15), (13, 15), (13, 14)] 
Custo: 120 
Nos Gerados: 59 
Nos Visitados: 34 
Funcao de Custo: 1 
 Heuristica: Euclidiana

A*:
Inicio: (11, 24) 
Chegada: (13, 14) 
Caminho: [(11, 24), (11, 23), (11, 22), (11, 21), (11, 20), (11, 19), (11, 18), (11, 17), (11, 16), (12, 16), (12, 15), (13, 15), (13, 14)] 
Custo: 170 
Nos Gerados: 129 
Nos Visitados: 94 
Funcao de Custo: 2 
 Heuristica: Euclidiana

A*:
Inicio: (11, 24) 
Chegada: (13, 14) 
Caminho: [(11, 24), (11, 23), (11, 22), (11, 21), (11, 20), (11, 19), (11, 18), (11, 17), (11, 16), (12, 16), (12, 15), (13, 15), (13, 14)] 
Custo: 144 
Nos Gerados: 90 
Nos Visitados: 59 
Funcao de Custo: 3 
 Heuristica: Euclidiana

A*:
Inicio: (11, 24) 
Chegada: (13, 14) 
Caminho: [(11, 24), (11, 23), (11, 22), (11, 21), (11, 20), (11, 19), (11, 18), (11, 17), (11, 16), (11, 15), (12, 15), (12, 14), (13, 14)] 
Custo: 123 
Nos Gerados: 62 
Nos Visitados: 35 
Funcao de Custo: 4 
 Heuristica: Euclidiana

A*:
Inicio: (16, 21) 
Chegada: (21, 23) 
Caminho: [(16, 21), (17, 21), (18, 21), (19, 21), (19, 22), (20, 22), (20, 23), (21, 23)] 
Custo: 70 
Nos Gerados: 34 
Nos Visitados: 17 
Funcao de Custo: 1 
 Heuristica: Euclidiana

A*:
Inicio: (16, 21) 
Chegada: (21, 23) 
Caminho: [(16, 21), (17, 21), (18, 21), (19, 21), (20, 21), (20, 22), (21, 22), (21, 23)] 
Custo: 80 
Nos Gerados: 39 
Nos Visitados: 22 
Funcao de Custo: 2 
 Heuristica: Euclidiana

A*:
Inicio: (16, 21) 
Chegada: (21, 23) 
Caminho: [(16, 21), (17, 21), (18, 21), (19, 21), (20, 21), (20, 22), (21, 22), (21, 23)] 
Custo: 72 
Nos Gerados: 31 
Nos Visitados: 15 
Funcao de Custo: 3 
 Heuristica: Euclidiana

A*:
Inicio: (16, 21) 
Chegada: (21, 23) 
Caminho: [(16, 21), (17, 21), (18, 21), (19, 21), (20, 21), (20, 22), (21, 22), (21, 23)] 
Custo: 72 
Nos Gerados: 33 
Nos Visitados: 16 
Funcao de Custo: 4 
 Heuristica: Euclidiana

A*:
Inicio: (28, 7) 
Chegada: (2, 2) 
Caminho: [(28, 7), (27, 7), (26, 7), (25, 7), (24, 7), (23, 7), (22, 7), (21, 7), (20, 7), (19, 7), (18, 7), (17, 7), (16, 7), (15, 7), (15, 6), (14, 6), (13, 6), (12, 6), (11, 6), (10, 6), (9, 6), (9, 5), (8, 5), (7, 5), (7, 4), (6, 4), (5, 4), (4, 4), (4, 3), (3, 3), (3, 2), (2, 2)] 
Custo: 310 
Nos Gerados: 275 
Nos Visitados: 209 
Funcao de Custo: 1 
 Heuristica: Euclidiana

A*:
Inicio: (28, 7) 
Chegada: (2, 2) 
Caminho: [(28, 7), (27, 7), (26, 7), (25, 7), (24, 7), (23, 7), (22, 7), (21, 7), (20, 7), (19, 7), (18, 7), (17, 7), (16, 7), (15, 7), (14, 7), (13, 7), (12, 7), (11, 7), (10, 7), (9, 7), (8, 7), (7, 7), (6, 7), (5, 7), (4, 7), (4, 6), (4, 5), (4, 4), (3, 4), (3, 3), (2, 3), (2, 2)] 
Custo: 335 
Nos Gerados: 321 
Nos Visitados: 258 
Funcao de Custo: 2 
 Heuristica: Euclidiana

A*:
Inicio: (28, 7) 
Chegada: (2, 2) 
Caminho: [(28, 7), (27, 7), (26, 7), (25, 7), (24, 7), (23, 7), (22, 7), (21, 7), (20, 7), (19, 7), (18, 7), (17, 7), (16, 7), (15, 7), (14, 7), (13, 7), (12, 7), (11, 7), (10, 7), (9, 7), (8, 7), (7, 7), (6, 7), (5, 7), (4, 7), (4, 6), (4, 5), (4, 4), (3, 4), (3, 3), (2, 3), (2, 2)] 
Custo: 317 
Nos Gerados: 274 
Nos Visitados: 211 
Funcao de Custo: 3 
 Heuristica: Euclidiana

A*:
Inicio: (28, 7) 
Chegada: (2, 2) 
Caminho: [(28, 7), (27, 7), (26, 7), (25, 7), (24, 7), (23, 7), (22, 7), (21, 7), (20, 7), (19, 7), (18, 7), (17, 7), (16, 7), (15, 7), (15, 6), (14, 6), (13, 6), (12, 6), (11, 6), (10, 6), (9, 6), (8, 6), (7, 6), (7, 5), (7, 4), (6, 4), (5, 4), (4, 4), (3, 4), (3, 3), (2, 3), (2, 2)] 
Custo: 302 
Nos Gerados: 260 
Nos Visitados: 195 
Funcao de Custo: 4 
 Heuristica: Euclidiana

A*:
Inicio: (21, 17) 
Chegada: (8, 27) 
Caminho: [(21, 17), (20, 17), (19, 17), (19, 18), (18, 18), (17, 18), (17, 19), (16, 19), (15, 19), (15, 20), (15, 21), (15, 22), (14, 22), (14, 23), (13, 23), (13, 24), (13, 25), (12, 25), (11, 25), (10, 25), (9, 25), (9, 26), (9, 27), (8, 27)] 
Custo: 230 
Nos Gerados: 229 
Nos Visitados: 174 
Funcao de Custo: 1 
 Heuristica: Euclidiana

A*:
Inicio: (21, 17) 
Chegada: (8, 27) 
Caminho: [(21, 17), (20, 17), (19, 17), (18, 17), (17, 17), (16, 17), (15, 17), (14, 17), (13, 17), (12, 17), (12, 18), (12, 19), (11, 19), (11, 20), (11, 21), (11, 22), (10, 22), (10, 23), (10, 24), (10, 25), (9, 25), (9, 26), (8, 26), (8, 27)] 
Custo: 280 
Nos Gerados: 312 
Nos Visitados: 255 
Funcao de Custo: 2 
 Heuristica: Euclidiana

A*:
Inicio: (21, 17) 
Chegada: (8, 27) 
Caminho: [(21, 17), (20, 17), (19, 17), (18, 17), (17, 17), (16, 17), (15, 17), (15, 18), (14, 18), (13, 18), (13, 19), (12, 19), (11, 19), (11, 20), (11, 21), (11, 22), (10, 22), (10, 23), (10, 24), (10, 25), (9, 25), (9, 26), (8, 26), (8, 27)] 
Custo: 251 
Nos Gerados: 283 
Nos Visitados: 227 
Funcao de Custo: 3 
 Heuristica: Euclidiana

A*:
Inicio: (21, 17) 
Chegada: (8, 27) 
Caminho: [(21, 17), (21, 18), (20, 18), (20, 19), (19, 19), (18, 19), (17, 19), (16, 19), (16, 20), (15, 20), (15, 21), (15, 22), (15, 23), (15, 24), (14, 24), (13, 24), (13, 25), (12, 25), (11, 25), (10, 25), (9, 25), (9, 26), (8, 26), (8, 27)] 
Custo: 210 
Nos Gerados: 207 
Nos Visitados: 156 
Funcao de Custo: 4 
 Heuristica: Euclidiana

A*:
Inicio: (7, 6) 
Chegada: (29, 29) 
Caminho: [(7, 6), (7, 7), (8, 7), (9, 7), (9, 8), (10, 8), (10, 9), (10, 10), (11, 10), (12, 10), (13, 10), (14, 10), (14, 11), (15, 11), (16, 11), (16, 12), (16, 13), (17, 13), (18, 13), (18, 14), (18, 15), (19, 15), (20, 15), (20, 16), (20, 17), (21, 17), (22, 17), (23, 17), (24, 17), (25, 17), (25, 18), (25, 19), (25, 20), (25, 21), (26, 21), (26, 22), (26, 23), (26, 24), (27, 24), (27, 25), (27, 26), (27, 27), (27, 28), (28, 28), (28, 29), (29, 29)] 
Custo: 450 
Nos Gerados: 781 
Nos Visitados: 690 
Funcao de Custo: 1 
 Heuristica: Euclidiana

A*:
Inicio: (7, 6) 
Chegada: (29, 29) 
Caminho: [(7, 6), (8, 6), (9, 6), (10, 6), (11, 6), (12, 6), (13, 6), (14, 6), (15, 6), (16, 6), (17, 6), (18, 6), (19, 6), (20, 6), (21, 6), (22, 6), (23, 6), (23, 7), (23, 8), (23, 9), (23, 10), (23, 11), (24, 11), (24, 12), (24, 13), (24, 14), (24, 15), (24, 16), (25, 16), (25, 17), (25, 18), (25, 19), (25, 20), (25, 21), (26, 21), (26, 22), (26, 23), (26, 24), (27, 24), (27, 25), (27, 26), (27, 27), (28, 27), (28, 28), (29, 28), (29, 29)] 
Custo: 565 
Nos Gerados: 904 
Nos Visitados: 864 
Funcao de Custo: 2 
 Heuristica: Euclidiana

A*:
Inicio: (7, 6) 
Chegada: (29, 29) 
Caminho: [(7, 6), (8, 6), (9, 6), (10, 6), (11, 6), (12, 6), (12, 7), (12, 8), (13, 8), (13, 9), (13, 10), (14, 10), (15, 10), (15, 11), (16, 11), (17, 11), (17, 12), (18, 12), (19, 12), (19, 13), (20, 13), (20, 14), (21, 14), (22, 14), (23, 14), (24, 14), (24, 15), (24, 16), (25, 16), (25, 17), (25, 18), (25, 19), (25, 20), (25, 21), (26, 21), (26, 22), (26, 23), (26, 24), (27, 24), (27, 25), (27, 26), (27, 27), (28, 27), (28, 28), (29, 28), (29, 29)] 
Custo: 496 
Nos Gerados: 861 
Nos Visitados: 807 
Funcao de Custo: 3 
 Heuristica: Euclidiana

A*:
Inicio: (7, 6) 
Chegada: (29, 29) 
Caminho: [(7, 6), (7, 7), (8, 7), (9, 7), (10, 7), (11, 7), (11, 8), (11, 9), (11, 10), (11, 11), (11, 12), (11, 13), (11, 14), (11, 15), (11, 16), (12, 16), (13, 16), (14, 16), (15, 16), (16, 16), (17, 16), (18, 16), (19, 16), (19, 17), (19, 18), (19, 19), (19, 20), (19, 21), (19, 22), (20, 22), (21, 22), (22, 22), (23, 22), (24, 22), (24, 23), (24, 24), (24, 25), (24, 26), (24, 27), (25, 27), (26, 27), (27, 27), (28, 27), (28, 28), (29, 28), (29, 29)] 
Custo: 393 
Nos Gerados: 575 
Nos Visitados: 477 
Funcao de Custo: 4 
 Heuristica: Euclidiana

A*:
Inicio: (8, 15) 
Chegada: (11, 3) 
Caminho: [(8, 15), (8, 14), (8, 13), (8, 12), (8, 11), (8, 10), (8, 9), (8, 8), (8, 7), (9, 7), (9, 6), (9, 5), (9, 4), (10, 4), (11, 4), (11, 3)] 
Custo: 150 
Nos Gerados: 99 
Nos Visitados: 66 
Funcao de Custo: 1 
 Heuristica: Euclidiana

A*:
Inicio: (8, 15) 
Chegada: (11, 3) 
Caminho: [(8, 15), (8, 14), (8, 13), (8, 12), (8, 11), (8, 10), (8, 9), (8, 8), (9, 8), (9, 7), (9, 6), (9, 5), (10, 5), (10, 4), (11, 4), (11, 3)] 
Custo: 210 
Nos Gerados: 179 
Nos Visitados: 138 
Funcao de Custo: 2 
 Heuristica: Euclidiana

A*:
Inicio: (8, 15) 
Chegada: (11, 3) 
Caminho: [(8, 15), (8, 14), (8, 13), (8, 12), (8, 11), (8, 10), (8, 9), (8, 8), (9, 8), (9, 7), (9, 6), (9, 5), (10, 5), (10, 4), (11, 4), (11, 3)] 
Custo: 176 
Nos Gerados: 130 
Nos Visitados: 93 
Funcao de Custo: 3 
 Heuristica: Euclidiana

A*:
Inicio: (8, 15) 
Chegada: (11, 3) 
Caminho: [(8, 15), (8, 14), (8, 13), (8, 12), (8, 11), (8, 10), (8, 9), (8, 8), (8, 7), (8, 6), (8, 5), (9, 5), (9, 4), (10, 4), (10, 3), (11, 3)] 
Custo: 146 
Nos Gerados: 74 
Nos Visitados: 42 
Funcao de Custo: 4 
 Heuristica: Euclidiana

A*:
Inicio: (17, 10) 
Chegada: (10, 15) 
Caminho: [(17, 10), (16, 10), (15, 10), (14, 10), (13, 10), (13, 11), (12, 11), (12, 12), (12, 13), (11, 13), (11, 14), (10, 14), (10, 15)] 
Custo: 120 
Nos Gerados: 73 
Nos Visitados: 46 
Funcao de Custo: 1 
 Heuristica: Euclidiana

A*:
Inicio: (17, 10) 
Chegada: (10, 15) 
Caminho: [(17, 10), (16, 10), (15, 10), (14, 10), (13, 10), (12, 10), (12, 11), (12, 12), (12, 13), (11, 13), (11, 14), (10, 14), (10, 15)] 
Custo: 145 
Nos Gerados: 98 
Nos Visitados: 68 
Funcao de Custo: 2 
 Heuristica: Euclidiana

A*:
Inicio: (17, 10) 
Chegada: (10, 15) 
Caminho: [(17, 10), (16, 10), (15, 10), (14, 10), (13, 10), (12, 10), (12, 11), (12, 12), (12, 13), (11, 13), (11, 14), (10, 14), (10, 15)] 
Custo: 130 
Nos Gerados: 88 
Nos Visitados: 60 
Funcao de Custo: 3 
 Heuristica: Euclidiana

A*:
Inicio: (17, 10) 
Chegada: (10, 15) 
Caminho: [(17, 10), (17, 11), (17, 12), (16, 12), (15, 12), (14, 12), (13, 12), (12, 12), (12, 13), (12, 14), (11, 14), (11, 15), (10, 15)] 
Custo: 113 
Nos Gerados: 68 
Nos Visitados: 42 
Funcao de Custo: 4 
 Heuristica: Euclidiana

A*:
Inicio: (12, 24) 
Chegada: (21, 23) 
Caminho: [(12, 24), (13, 24), (14, 24), (15, 24), (16, 24), (17, 24), (18, 24), (19, 24), (20, 24), (21, 24), (21, 23)] 
Custo: 100 
Nos Gerados: 32 
Nos Visitados: 11 
Funcao de Custo: 1 
 Heuristica: Euclidiana

A*:
Inicio: (12, 24) 
Chegada: (21, 23) 
Caminho: [(12, 24), (13, 24), (14, 24), (15, 24), (16, 24), (17, 24), (18, 24), (19, 24), (20, 24), (21, 24), (21, 23)] 
Custo: 105 
Nos Gerados: 32 
Nos Visitados: 11 
Funcao de Custo: 2 
 Heuristica: Euclidiana

A*:
Inicio: (12, 24) 
Chegada: (21, 23) 
Caminho: [(12, 24), (13, 24), (14, 24), (15, 24), (16, 24), (17, 24), (18, 24), (19, 24), (20, 24), (21, 24), (21, 23)] 
Custo: 103 
Nos Gerados: 45 
Nos Visitados: 22 
Funcao de Custo: 3 
 Heuristica: Euclidiana

A*:
Inicio: (12, 24) 
Chegada: (21, 23) 
Caminho: [(12, 24), (13, 24), (14, 24), (15, 24), (16, 24), (17, 24), (18, 24), (19, 24), (20, 24), (20, 23), (21, 23)] 
Custo: 98 
Nos Gerados: 35 
Nos Visitados: 13 
Funcao de Custo: 4 
 Heuristica: Euclidiana

A*:
Inicio: (12, 17) 
Chegada: (2, 11) 
Caminho: [(12, 17), (11, 17), (10, 17), (9, 17), (9, 16), (8, 16), (7, 16), (7, 15), (6, 15), (6, 14), (6, 13), (5, 13), (4, 13), (4, 12), (3, 12), (2, 12), (2, 11)] 
Custo: 160 
Nos Gerados: 113 
Nos Visitados: 78 
Funcao de Custo: 1 
 Heuristica: Euclidiana

A*:
Inicio: (12, 17) 
Chegada: (2, 11) 
Caminho: [(12, 17), (11, 17), (10, 17), (9, 17), (8, 17), (7, 17), (6, 17), (5, 17), (5, 16), (4, 16), (4, 15), (4, 14), (4, 13), (3, 13), (3, 12), (2, 12), (2, 11)] 
Custo: 190 
Nos Gerados: 153 
Nos Visitados: 117 
Funcao de Custo: 2 
 Heuristica: Euclidiana

A*:
Inicio: (12, 17) 
Chegada: (2, 11) 
Caminho: [(12, 17), (11, 17), (10, 17), (9, 17), (8, 17), (7, 17), (6, 17), (6, 16), (6, 15), (5, 15), (5, 14), (4, 14), (4, 13), (4, 12), (3, 12), (2, 12), (2, 11)] 
Custo: 172 
Nos Gerados: 144 
Nos Visitados: 107 
Funcao de Custo: 3 
 Heuristica: Euclidiana

A*:
Inicio: (12, 17) 
Chegada: (2, 11) 
Caminho: [(12, 17), (11, 17), (10, 17), (9, 17), (8, 17), (7, 17), (6, 17), (6, 16), (6, 15), (6, 14), (6, 13), (5, 13), (4, 13), (4, 12), (3, 12), (3, 11), (2, 11)] 
Custo: 148 
Nos Gerados: 99 
Nos Visitados: 65 
Funcao de Custo: 4 
 Heuristica: Euclidiana

A*:
Inicio: (19, 18) 
Chegada: (6, 23) 
Caminho: [(19, 18), (19, 19), (18, 19), (17, 19), (16, 19), (15, 19), (14, 19), (14, 20), (13, 20), (12, 20), (11, 20), (10, 20), (9, 20), (9, 21), (8, 21), (7, 21), (7, 22), (6, 22), (6, 23)] 
Custo: 180 
Nos Gerados: 126 
Nos Visitados: 86 
Funcao de Custo: 1 
 Heuristica: Euclidiana

A*:
Inicio: (19, 18) 
Chegada: (6, 23) 
Caminho: [(19, 18), (18, 18), (17, 18), (16, 18), (15, 18), (14, 18), (13, 18), (12, 18), (11, 18), (10, 18), (9, 18), (8, 18), (8, 19), (8, 20), (8, 21), (7, 21), (7, 22), (6, 22), (6, 23)] 
Custo: 205 
Nos Gerados: 165 
Nos Visitados: 122 
Funcao de Custo: 2 
 Heuristica: Euclidiana

A*:
Inicio: (19, 18) 
Chegada: (6, 23) 
Caminho: [(19, 18), (18, 18), (17, 18), (16, 18), (15, 18), (14, 18), (13, 18), (13, 19), (13, 20), (12, 20), (11, 20), (10, 20), (9, 20), (9, 21), (8, 21), (7, 21), (7, 22), (6, 22), (6, 23)] 
Custo: 189 
Nos Gerados: 148 
Nos Visitados: 108 
Funcao de Custo: 3 
 Heuristica: Euclidiana

A*:
Inicio: (19, 18) 
Chegada: (6, 23) 
Caminho: [(19, 18), (19, 19), (18, 19), (17, 19), (16, 19), (15, 19), (14, 19), (14, 20), (13, 20), (12, 20), (11, 20), (11, 21), (10, 21), (9, 21), (8, 21), (8, 22), (7, 22), (7, 23), (6, 23)] 
Custo: 169 
Nos Gerados: 108 
Nos Visitados: 74 
Funcao de Custo: 4 
 Heuristica: Euclidiana

A*:
Inicio: (27, 5) 
Chegada: (12, 18) 
Caminho: [(27, 5), (27, 6), (27, 7), (26, 7), (26, 8), (26, 9), (25, 9), (25, 10), (25, 11), (24, 11), (24, 12), (23, 12), (23, 13), (23, 14), (22, 14), (21, 14), (20, 14), (20, 15), (19, 15), (18, 15), (17, 15), (16, 15), (15, 15), (14, 15), (14, 16), (13, 16), (13, 17), (13, 18), (12, 18)] 
Custo: 280 
Nos Gerados: 319 
Nos Visitados: 266 
Funcao de Custo: 1 
 Heuristica: Euclidiana

A*:
Inicio: (27, 5) 
Chegada: (12, 18) 
Caminho: [(27, 5), (26, 5), (25, 5), (24, 5), (23, 5), (22, 5), (21, 5), (20, 5), (19, 5), (18, 5), (17, 5), (16, 5), (16, 6), (16, 7), (16, 8), (16, 9), (16, 10), (15, 10), (15, 11), (15, 12), (15, 13), (14, 13), (14, 14), (14, 15), (14, 16), (13, 16), (13, 17), (12, 17), (12, 18)] 
Custo: 345 
Nos Gerados: 413 
Nos Visitados: 368 
Funcao de Custo: 2 
 Heuristica: Euclidiana

A*:
Inicio: (27, 5) 
Chegada: (12, 18) 
Caminho: [(27, 5), (27, 6), (26, 6), (25, 6), (24, 6), (23, 6), (22, 6), (22, 7), (21, 7), (20, 7), (19, 7), (18, 7), (17, 7), (16, 7), (16, 8), (16, 9), (16, 10), (15, 10), (15, 11), (15, 12), (15, 13), (14, 13), (14, 14), (14, 15), (14, 16), (13, 16), (13, 17), (12, 17), (12, 18)] 
Custo: 308 
Nos Gerados: 363 
Nos Visitados: 315 
Funcao de Custo: 3 
 Heuristica: Euclidiana

A*:
Inicio: (27, 5) 
Chegada: (12, 18) 
Caminho: [(27, 5), (27, 6), (26, 6), (25, 6), (24, 6), (23, 6), (22, 6), (22, 7), (22, 8), (22, 9), (22, 10), (22, 11), (22, 12), (22, 13), (22, 14), (21, 14), (20, 14), (19, 14), (18, 14), (17, 14), (16, 14), (15, 14), (14, 14), (14, 15), (14, 16), (14, 17), (13, 17), (13, 18), (12, 18)] 
Custo: 240 
Nos Gerados: 223 
Nos Visitados: 159 
Funcao de Custo: 4 
 Heuristica: Euclidiana

A*:
Inicio: (10, 17) 
Chegada: (22, 20) 
Caminho: [(10, 17), (11, 17), (12, 17), (13, 17), (14, 17), (15, 17), (16, 17), (17, 17), (18, 17), (18, 18), (19, 18), (20, 18), (21, 18), (21, 19), (22, 19), (22, 20)] 
Custo: 150 
Nos Gerados: 102 
Nos Visitados: 69 
Funcao de Custo: 1 
 Heuristica: Euclidiana

A*:
Inicio: (10, 17) 
Chegada: (22, 20) 
Caminho: [(10, 17), (11, 17), (12, 17), (13, 17), (14, 17), (15, 17), (16, 17), (17, 17), (18, 17), (19, 17), (20, 17), (20, 18), (21, 18), (21, 19), (22, 19), (22, 20)] 
Custo: 165 
Nos Gerados: 109 
Nos Visitados: 74 
Funcao de Custo: 2 
 Heuristica: Euclidiana

A*:
Inicio: (10, 17) 
Chegada: (22, 20) 
Caminho: [(10, 17), (11, 17), (12, 17), (13, 17), (14, 17), (15, 17), (16, 17), (17, 17), (18, 17), (19, 17), (20, 17), (20, 18), (21, 18), (21, 19), (22, 19), (22, 20)] 
Custo: 156 
Nos Gerados: 98 
Nos Visitados: 65 
Funcao de Custo: 3 
 Heuristica: Euclidiana

A*:
Inicio: (10, 17) 
Chegada: (22, 20) 
Caminho: [(10, 17), (11, 17), (12, 17), (13, 17), (14, 17), (15, 17), (16, 17), (17, 17), (17, 18), (18, 18), (19, 18), (20, 18), (20, 19), (21, 19), (21, 20), (22, 20)] 
Custo: 141 
Nos Gerados: 72 
Nos Visitados: 41 
Funcao de Custo: 4 
 Heuristica: Euclidiana

A*:
Inicio: (3, 11) 
Chegada: (14, 28) 
Caminho: [(3, 11), (3, 12), (3, 13), (3, 14), (3, 15), (3, 16), (3, 17), (3, 18), (3, 19), (4, 19), (4, 20), (4, 21), (4, 22), (5, 22), (6, 22), (6, 23), (7, 23), (8, 23), (8, 24), (8, 25), (9, 25), (10, 25), (10, 26), (11, 26), (12, 26), (12, 27), (13, 27), (14, 27), (14, 28)] 
Custo: 280 
Nos Gerados: 307 
Nos Visitados: 252 
Funcao de Custo: 1 
 Heuristica: Euclidiana

A*:
Inicio: (3, 11) 
Chegada: (14, 28) 
Caminho: [(3, 11), (4, 11), (5, 11), (6, 11), (7, 11), (8, 11), (9, 11), (9, 12), (9, 13), (9, 14), (9, 15), (10, 15), (10, 16), (10, 17), (10, 18), (10, 19), (10, 20), (11, 20), (11, 21), (11, 22), (11, 23), (12, 23), (12, 24), (12, 25), (12, 26), (13, 26), (13, 27), (14, 27), (14, 28)] 
Custo: 365 
Nos Gerados: 440 
Nos Visitados: 386 
Funcao de Custo: 2 
 Heuristica: Euclidiana

A*:
Inicio: (3, 11) 
Chegada: (14, 28) 
Caminho: [(3, 11), (3, 12), (4, 12), (5, 12), (6, 12), (7, 12), (7, 13), (7, 14), (7, 15), (8, 15), (9, 15), (10, 15), (10, 16), (10, 17), (10, 18), (10, 19), (10, 20), (11, 20), (11, 21), (11, 22), (11, 23), (12, 23), (12, 24), (12, 25), (12, 26), (12, 27), (13, 27), (14, 27), (14, 28)] 
Custo: 314 
Nos Gerados: 369 
Nos Visitados: 317 
Funcao de Custo: 3 
 Heuristica: Euclidiana

A*:
Inicio: (3, 11) 
Chegada: (14, 28) 
Caminho: [(3, 11), (3, 12), (4, 12), (5, 12), (6, 12), (7, 12), (7, 13), (7, 14), (7, 15), (7, 16), (7, 17), (7, 18), (7, 19), (7, 20), (7, 21), (7, 22), (7, 23), (7, 24), (7, 25), (8, 25), (9, 25), (10, 25), (11, 25), (11, 26), (12, 26), (12, 27), (13, 27), (13, 28), (14, 28)] 
Custo: 243 
Nos Gerados: 211 
Nos Visitados: 152 
Funcao de Custo: 4 
 Heuristica: Euclidiana

A*:
Inicio: (17, 30) 
Chegada: (22, 30) 
Caminho: [(17, 30), (18, 30), (19, 30), (20, 30), (21, 30), (22, 30)] 
Custo: 50 
Nos Gerados: 12 
Nos Visitados: 6 
Funcao de Custo: 1 
 Heuristica: Euclidiana

A*:
Inicio: (17, 30) 
Chegada: (22, 30) 
Caminho: [(17, 30), (18, 30), (19, 30), (20, 30), (21, 30), (22, 30)] 
Custo: 50 
Nos Gerados: 12 
Nos Visitados: 6 
Funcao de Custo: 2 
 Heuristica: Euclidiana

A*:
Inicio: (17, 30) 
Chegada: (22, 30) 
Caminho: [(17, 30), (18, 30), (19, 30), (20, 30), (21, 30), (22, 30)] 
Custo: 50 
Nos Gerados: 12 
Nos Visitados: 6 
Funcao de Custo: 3 
 Heuristica: Euclidiana

A*:
Inicio: (17, 30) 
Chegada: (22, 30) 
Caminho: [(17, 30), (18, 30), (19, 30), (20, 30), (21, 30), (22, 30)] 
Custo: 50 
Nos Gerados: 12 
Nos Visitados: 6 
Funcao de Custo: 4 
 Heuristica: Euclidiana

A*:
Inicio: (16, 30) 
Chegada: (30, 7) 
Caminho: [(16, 30), (17, 30), (17, 29), (17, 28), (17, 27), (17, 26), (17, 25), (17, 24), (17, 23), (17, 22), (17, 21), (18, 21), (18, 20), (18, 19), (18, 18), (18, 17), (19, 17), (20, 17), (21, 17), (22, 17), (23, 17), (24, 17), (25, 17), (26, 17), (26, 16), (26, 15), (27, 15), (27, 14), (27, 13), (27, 12), (27, 11), (28, 11), (28, 10), (28, 9), (29, 9), (29, 8), (30, 8), (30, 7)] 
Custo: 370 
Nos Gerados: 455 
Nos Visitados: 407 
Funcao de Custo: 1 
 Heuristica: Euclidiana

A*:
Inicio: (16, 30) 
Chegada: (30, 7) 
Caminho: [(16, 30), (17, 30), (18, 30), (19, 30), (20, 30), (21, 30), (22, 30), (23, 30), (24, 30), (24, 29), (24, 28), (24, 27), (24, 26), (24, 25), (25, 25), (25, 24), (25, 23), (25, 22), (25, 21), (25, 20), (26, 20), (26, 19), (26, 18), (26, 17), (26, 16), (26, 15), (27, 15), (27, 14), (27, 13), (27, 12), (28, 12), (28, 11), (28, 10), (28, 9), (29, 9), (29, 8), (30, 8), (30, 7)] 
Custo: 485 
Nos Gerados: 553 
Nos Visitados: 516 
Funcao de Custo: 2 
 Heuristica: Euclidiana

A*:
Inicio: (16, 30) 
Chegada: (30, 7) 
Caminho: [(16, 30), (17, 30), (18, 30), (19, 30), (19, 29), (19, 28), (19, 27), (19, 26), (20, 26), (20, 25), (20, 24), (20, 23), (21, 23), (21, 22), (21, 21), (21, 20), (22, 20), (23, 20), (24, 20), (25, 20), (26, 20), (26, 19), (26, 18), (26, 17), (26, 16), (26, 15), (27, 15), (27, 14), (27, 13), (27, 12), (28, 12), (28, 11), (28, 10), (28, 9), (29, 9), (29, 8), (30, 8), (30, 7)] 
Custo: 418 
Nos Gerados: 494 
Nos Visitados: 457 
Funcao de Custo: 3 
 Heuristica: Euclidiana

A*:
Inicio: (16, 30) 
Chegada: (30, 7) 
Caminho: [(16, 30), (16, 29), (17, 29), (18, 29), (19, 29), (19, 28), (19, 27), (19, 26), (19, 25), (19, 24), (19, 23), (19, 22), (19, 21), (19, 20), (19, 19), (19, 18), (19, 17), (19, 16), (19, 15), (20, 15), (21, 15), (22, 15), (23, 15), (23, 14), (23, 13), (23, 12), (23, 11), (23, 10), (24, 10), (25, 10), (26, 10), (27, 10), (28, 10), (28, 9), (28, 8), (29, 8), (29, 7), (30, 7)] 
Custo: 326 
Nos Gerados: 342 
Nos Visitados: 277 
Funcao de Custo: 4 
 Heuristica: Euclidiana

A*:
Inicio: (16, 15) 
Chegada: (9, 8) 
Caminho: [(16, 15), (16, 14), (15, 14), (14, 14), (14, 13), (13, 13), (12, 13), (11, 13), (11, 12), (11, 11), (11, 10), (11, 9), (10, 9), (10, 8), (9, 8)] 
Custo: 140 
Nos Gerados: 104 
Nos Visitados: 67 
Funcao de Custo: 1 
 Heuristica: Euclidiana

A*:
Inicio: (16, 15) 
Chegada: (9, 8) 
Caminho: [(16, 15), (15, 15), (14, 15), (13, 15), (12, 15), (12, 14), (12, 13), (11, 13), (11, 12), (11, 11), (11, 10), (10, 10), (10, 9), (9, 9), (9, 8)] 
Custo: 175 
Nos Gerados: 152 
Nos Visitados: 116 
Funcao de Custo: 2 
 Heuristica: Euclidiana

A*:
Inicio: (16, 15) 
Chegada: (9, 8) 
Caminho: [(16, 15), (15, 15), (14, 15), (13, 15), (12, 15), (12, 14), (12, 13), (12, 12), (12, 11), (11, 11), (11, 10), (10, 10), (10, 9), (9, 9), (9, 8)] 
Custo: 153 
Nos Gerados: 122 
Nos Visitados: 88 
Funcao de Custo: 3 
 Heuristica: Euclidiana

A*:
Inicio: (16, 15) 
Chegada: (9, 8) 
Caminho: [(16, 15), (16, 14), (15, 14), (14, 14), (13, 14), (12, 14), (12, 13), (12, 12), (12, 11), (12, 10), (11, 10), (11, 9), (10, 9), (10, 8), (9, 8)] 
Custo: 125 
Nos Gerados: 73 
Nos Visitados: 43 
Funcao de Custo: 4 
 Heuristica: Euclidiana

A*:
Inicio: (2, 21) 
Chegada: (13, 21) 
Caminho: [(2, 21), (3, 21), (4, 21), (5, 21), (6, 21), (7, 21), (8, 21), (9, 21), (10, 21), (11, 21), (12, 21), (13, 21)] 
Custo: 110 
Nos Gerados: 35 
Nos Visitados: 12 
Funcao de Custo: 1 
 Heuristica: Euclidiana

A*:
Inicio: (2, 21) 
Chegada: (13, 21) 
Caminho: [(2, 21), (3, 21), (4, 21), (5, 21), (6, 21), (7, 21), (8, 21), (9, 21), (10, 21), (11, 21), (12, 21), (13, 21)] 
Custo: 110 
Nos Gerados: 35 
Nos Visitados: 12 
Funcao de Custo: 2 
 Heuristica: Euclidiana

A*:
Inicio: (2, 21) 
Chegada: (13, 21) 
Caminho: [(2, 21), (3, 21), (4, 21), (5, 21), (6, 21), (7, 21), (8, 21), (9, 21), (10, 21), (11, 21), (12, 21), (13, 21)] 
Custo: 110 
Nos Gerados: 35 
Nos Visitados: 12 
Funcao de Custo: 3 
 Heuristica: Euclidiana

A*:
Inicio: (2, 21) 
Chegada: (13, 21) 
Caminho: [(2, 21), (3, 21), (4, 21), (5, 21), (6, 21), (7, 21), (8, 21), (9, 21), (10, 21), (11, 21), (12, 21), (13, 21)] 
Custo: 110 
Nos Gerados: 35 
Nos Visitados: 12 
Funcao de Custo: 4 
 Heuristica: Euclidiana

A*:
Inicio: (15, 12) 
Chegada: (27, 9) 
Caminho: [(15, 12), (16, 12), (17, 12), (18, 12), (19, 12), (20, 12), (21, 12), (22, 12), (23, 12), (23, 11), (24, 11), (25, 11), (26, 11), (26, 10), (27, 10), (27, 9)] 
Custo: 150 
Nos Gerados: 97 
Nos Visitados: 65 
Funcao de Custo: 1 
 Heuristica: Euclidiana

A*:
Inicio: (15, 12) 
Chegada: (27, 9) 
Caminho: [(15, 12), (16, 12), (17, 12), (18, 12), (19, 12), (20, 12), (21, 12), (22, 12), (23, 12), (24, 12), (25, 12), (25, 11), (26, 11), (26, 10), (27, 10), (27, 9)] 
Custo: 165 
Nos Gerados: 110 
Nos Visitados: 75 
Funcao de Custo: 2 
 Heuristica: Euclidiana

A*:
Inicio: (15, 12) 
Chegada: (27, 9) 
Caminho: [(15, 12), (16, 12), (17, 12), (18, 12), (19, 12), (20, 12), (21, 12), (22, 12), (23, 12), (24, 12), (25, 12), (25, 11), (26, 11), (26, 10), (27, 10), (27, 9)] 
Custo: 156 
Nos Gerados: 98 
Nos Visitados: 65 
Funcao de Custo: 3 
 Heuristica: Euclidiana

A*:
Inicio: (15, 12) 
Chegada: (27, 9) 
Caminho: [(15, 12), (16, 12), (17, 12), (18, 12), (19, 12), (20, 12), (21, 12), (22, 12), (22, 11), (23, 11), (24, 11), (25, 11), (25, 10), (26, 10), (26, 9), (27, 9)] 
Custo: 141 
Nos Gerados: 72 
Nos Visitados: 41 
Funcao de Custo: 4 
 Heuristica: Euclidiana

A*:
Inicio: (1, 1) 
Chegada: (19, 0) 
Caminho: [(1, 1), (2, 1), (3, 1), (4, 1), (5, 1), (6, 1), (7, 1), (8, 1), (9, 1), (10, 1), (11, 1), (12, 1), (13, 1), (14, 1), (15, 1), (16, 1), (17, 1), (18, 1), (19, 1), (19, 0)] 
Custo: 190 
Nos Gerados: 59 
Nos Visitados: 20 
Funcao de Custo: 1 
 Heuristica: Euclidiana

A*:
Inicio: (1, 1) 
Chegada: (19, 0) 
Caminho: [(1, 1), (2, 1), (3, 1), (4, 1), (5, 1), (6, 1), (7, 1), (8, 1), (9, 1), (10, 1), (11, 1), (12, 1), (13, 1), (14, 1), (15, 1), (16, 1), (17, 1), (18, 1), (19, 1), (19, 0)] 
Custo: 195 
Nos Gerados: 59 
Nos Visitados: 20 
Funcao de Custo: 2 
 Heuristica: Euclidiana

A*:
Inicio: (1, 1) 
Chegada: (19, 0) 
Caminho: [(1, 1), (2, 1), (3, 1), (4, 1), (5, 1), (6, 1), (7, 1), (8, 1), (9, 1), (10, 1), (11, 1), (12, 1), (13, 1), (14, 1), (15, 1), (16, 1), (17, 1), (18, 1), (19, 1), (19, 0)] 
Custo: 190 
Nos Gerados: 59 
Nos Visitados: 20 
Funcao de Custo: 3 
 Heuristica: Euclidiana

A*:
Inicio: (1, 1) 
Chegada: (19, 0) 
Caminho: [(1, 1), (2, 1), (3, 1), (4, 1), (5, 1), (6, 1), (7, 1), (8, 1), (9, 1), (10, 1), (11, 1), (12, 1), (13, 1), (14, 1), (15, 1), (16, 1), (17, 1), (18, 1), (19, 1), (19, 0)] 
Custo: 192 
Nos Gerados: 76 
Nos Visitados: 49 
Funcao de Custo: 4 
 Heuristica: Euclidiana

A*:
Inicio: (10, 10) 
Chegada: (12, 26) 
Caminho: [(10, 10), (10, 11), (10, 12), (10, 13), (10, 14), (10, 15), (10, 16), (10, 17), (10, 18), (10, 19), (10, 20), (10, 21), (10, 22), (10, 23), (10, 24), (11, 24), (11, 25), (12, 25), (12, 26)] 
Custo: 180 
Nos Gerados: 93 
Nos Visitados: 55 
Funcao de Custo: 1 
 Heuristica: Euclidiana

A*:
Inicio: (10, 10) 
Chegada: (12, 26) 
Caminho: [(10, 10), (10, 11), (10, 12), (10, 13), (10, 14), (10, 15), (10, 16), (10, 17), (10, 18), (10, 19), (10, 20), (10, 21), (10, 22), (10, 23), (10, 24), (11, 24), (11, 25), (12, 25), (12, 26)] 
Custo: 260 
Nos Gerados: 236 
Nos Visitados: 186 
Funcao de Custo: 2 
 Heuristica: Euclidiana

A*:
Inicio: (10, 10) 
Chegada: (12, 26) 
Caminho: [(10, 10), (10, 11), (10, 12), (10, 13), (10, 14), (10, 15), (10, 16), (10, 17), (10, 18), (10, 19), (10, 20), (10, 21), (10, 22), (10, 23), (10, 24), (11, 24), (11, 25), (12, 25), (12, 26)] 
Custo: 219 
Nos Gerados: 170 
Nos Visitados: 125 
Funcao de Custo: 3 
 Heuristica: Euclidiana

A*:
Inicio: (10, 10) 
Chegada: (12, 26) 
Caminho: [(10, 10), (10, 11), (10, 12), (10, 13), (10, 14), (10, 15), (10, 16), (10, 17), (10, 18), (10, 19), (10, 20), (10, 21), (10, 22), (10, 23), (10, 24), (10, 25), (11, 25), (12, 25), (12, 26)] 
Custo: 167 
Nos Gerados: 62 
Nos Visitados: 26 
Funcao de Custo: 4 
 Heuristica: Euclidiana

A*:
Inicio: (23, 23) 
Chegada: (27, 13) 
Caminho: [(23, 23), (23, 22), (23, 21), (24, 21), (24, 20), (24, 19), (24, 18), (25, 18), (25, 17), (25, 16), (25, 15), (25, 14), (26, 14), (26, 13), (27, 13)] 
Custo: 140 
Nos Gerados: 97 
Nos Visitados: 65 
Funcao de Custo: 1 
 Heuristica: Euclidiana

A*:
Inicio: (23, 23) 
Chegada: (27, 13) 
Caminho: [(23, 23), (23, 22), (23, 21), (24, 21), (24, 20), (24, 19), (24, 18), (25, 18), (25, 17), (25, 16), (25, 15), (26, 15), (26, 14), (27, 14), (27, 13)] 
Custo: 190 
Nos Gerados: 151 
Nos Visitados: 118 
Funcao de Custo: 2 
 Heuristica: Euclidiana

A*:
Inicio: (23, 23) 
Chegada: (27, 13) 
Caminho: [(23, 23), (23, 22), (23, 21), (24, 21), (24, 20), (24, 19), (24, 18), (24, 17), (25, 17), (25, 16), (25, 15), (26, 15), (26, 14), (26, 13), (27, 13)] 
Custo: 161 
Nos Gerados: 117 
Nos Visitados: 82 
Funcao de Custo: 3 
 Heuristica: Euclidiana

A*:
Inicio: (23, 23) 
Chegada: (27, 13) 
Caminho: [(23, 23), (23, 22), (23, 21), (24, 21), (24, 20), (24, 19), (24, 18), (25, 18), (25, 17), (25, 16), (25, 15), (25, 14), (26, 14), (26, 13), (27, 13)] 
Custo: 132 
Nos Gerados: 68 
Nos Visitados: 38 
Funcao de Custo: 4 
 Heuristica: Euclidiana

A*:
Inicio: (19, 6) 
Chegada: (25, 0) 
Caminho: [(19, 6), (19, 5), (19, 4), (19, 3), (20, 3), (20, 2), (21, 2), (22, 2), (23, 2), (23, 1), (24, 1), (25, 1), (25, 0)] 
Custo: 120 
Nos Gerados: 74 
Nos Visitados: 47 
Funcao de Custo: 1 
 Heuristica: Euclidiana

A*:
Inicio: (19, 6) 
Chegada: (25, 0) 
Caminho: [(19, 6), (20, 6), (21, 6), (22, 6), (22, 5), (23, 5), (23, 4), (23, 3), (23, 2), (24, 2), (24, 1), (25, 1), (25, 0)] 
Custo: 150 
Nos Gerados: 105 
Nos Visitados: 75 
Funcao de Custo: 2 
 Heuristica: Euclidiana

A*:
Inicio: (19, 6) 
Chegada: (25, 0) 
Caminho: [(19, 6), (20, 6), (21, 6), (22, 6), (22, 5), (23, 5), (23, 4), (23, 3), (23, 2), (24, 2), (24, 1), (25, 1), (25, 0)] 
Custo: 133 
Nos Gerados: 94 
Nos Visitados: 69 
Funcao de Custo: 3 
 Heuristica: Euclidiana

A*:
Inicio: (19, 6) 
Chegada: (25, 0) 
Caminho: [(19, 6), (19, 5), (20, 5), (21, 5), (22, 5), (23, 5), (23, 4), (23, 3), (23, 2), (23, 1), (24, 1), (24, 0), (25, 0)] 
Custo: 109 
Nos Gerados: 60 
Nos Visitados: 35 
Funcao de Custo: 4 
 Heuristica: Euclidiana

A*:
Inicio: (19, 1) 
Chegada: (23, 16) 
Caminho: [(19, 1), (19, 2), (19, 3), (19, 4), (19, 5), (19, 6), (19, 7), (19, 8), (20, 8), (20, 9), (20, 10), (20, 11), (20, 12), (21, 12), (21, 13), (21, 14), (21, 15), (22, 15), (22, 16), (23, 16)] 
Custo: 190 
Nos Gerados: 146 
Nos Visitados: 107 
Funcao de Custo: 1 
 Heuristica: Euclidiana

A*:
Inicio: (19, 1) 
Chegada: (23, 16) 
Caminho: [(19, 1), (19, 2), (19, 3), (19, 4), (19, 5), (19, 6), (19, 7), (19, 8), (20, 8), (20, 9), (20, 10), (20, 11), (21, 11), (21, 12), (21, 13), (21, 14), (22, 14), (22, 15), (23, 15), (23, 16)] 
Custo: 265 
Nos Gerados: 241 
Nos Visitados: 204 
Funcao de Custo: 2 
 Heuristica: Euclidiana

A*:
Inicio: (19, 1) 
Chegada: (23, 16) 
Caminho: [(19, 1), (19, 2), (19, 3), (19, 4), (19, 5), (19, 6), (19, 7), (19, 8), (20, 8), (20, 9), (20, 10), (20, 11), (21, 11), (21, 12), (21, 13), (21, 14), (22, 14), (22, 15), (23, 15), (23, 16)] 
Custo: 221 
Nos Gerados: 178 
Nos Visitados: 140 
Funcao de Custo: 3 
 Heuristica: Euclidiana

A*:
Inicio: (19, 1) 
Chegada: (23, 16) 
Caminho: [(19, 1), (19, 2), (19, 3), (19, 4), (19, 5), (19, 6), (19, 7), (19, 8), (19, 9), (19, 10), (19, 11), (19, 12), (19, 13), (19, 14), (20, 14), (21, 14), (21, 15), (22, 15), (23, 15), (23, 16)] 
Custo: 182 
Nos Gerados: 116 
Nos Visitados: 75 
Funcao de Custo: 4 
 Heuristica: Euclidiana

A*:
Inicio: (4, 8) 
Chegada: (20, 9) 
Caminho: [(4, 8), (5, 8), (6, 8), (7, 8), (8, 8), (9, 8), (10, 8), (11, 8), (12, 8), (13, 8), (14, 8), (15, 8), (16, 8), (17, 8), (18, 8), (19, 8), (20, 8), (20, 9)] 
Custo: 170 
Nos Gerados: 53 
Nos Visitados: 18 
Funcao de Custo: 1 
 Heuristica: Euclidiana

A*:
Inicio: (4, 8) 
Chegada: (20, 9) 
Caminho: [(4, 8), (5, 8), (6, 8), (7, 8), (8, 8), (9, 8), (10, 8), (11, 8), (12, 8), (13, 8), (14, 8), (15, 8), (16, 8), (17, 8), (18, 8), (19, 8), (20, 8), (20, 9)] 
Custo: 175 
Nos Gerados: 53 
Nos Visitados: 18 
Funcao de Custo: 2 
 Heuristica: Euclidiana

A*:
Inicio: (4, 8) 
Chegada: (20, 9) 
Caminho: [(4, 8), (5, 8), (6, 8), (7, 8), (8, 8), (9, 8), (10, 8), (11, 8), (12, 8), (13, 8), (14, 8), (15, 8), (16, 8), (17, 8), (18, 8), (19, 8), (20, 8), (20, 9)] 
Custo: 174 
Nos Gerados: 82 
Nos Visitados: 45 
Funcao de Custo: 3 
 Heuristica: Euclidiana

A*:
Inicio: (4, 8) 
Chegada: (20, 9) 
Caminho: [(4, 8), (5, 8), (6, 8), (7, 8), (8, 8), (9, 8), (10, 8), (11, 8), (12, 8), (13, 8), (14, 8), (15, 8), (16, 8), (17, 8), (18, 8), (19, 8), (19, 9), (20, 9)] 
Custo: 169 
Nos Gerados: 71 
Nos Visitados: 35 
Funcao de Custo: 4 
 Heuristica: Euclidiana

A*:
Inicio: (26, 26) 
Chegada: (28, 13) 
Caminho: [(26, 26), (26, 25), (26, 24), (26, 23), (26, 22), (26, 21), (26, 20), (26, 19), (26, 18), (26, 17), (26, 16), (26, 15), (27, 15), (27, 14), (28, 14), (28, 13)] 
Custo: 150 
Nos Gerados: 78 
Nos Visitados: 45 
Funcao de Custo: 1 
 Heuristica: Euclidiana

A*:
Inicio: (26, 26) 
Chegada: (28, 13) 
Caminho: [(26, 26), (26, 25), (26, 24), (26, 23), (26, 22), (26, 21), (26, 20), (26, 19), (26, 18), (26, 17), (26, 16), (26, 15), (27, 15), (27, 14), (28, 14), (28, 13)] 
Custo: 215 
Nos Gerados: 146 
Nos Visitados: 116 
Funcao de Custo: 2 
 Heuristica: Euclidiana

A*:
Inicio: (26, 26) 
Chegada: (28, 13) 
Caminho: [(26, 26), (26, 25), (26, 24), (26, 23), (26, 22), (26, 21), (26, 20), (26, 19), (26, 18), (26, 17), (26, 16), (26, 15), (27, 15), (27, 14), (28, 14), (28, 13)] 
Custo: 177 
Nos Gerados: 116 
Nos Visitados: 83 
Funcao de Custo: 3 
 Heuristica: Euclidiana

A*:
Inicio: (26, 26) 
Chegada: (28, 13) 
Caminho: [(26, 26), (26, 25), (26, 24), (26, 23), (26, 22), (26, 21), (26, 20), (26, 19), (26, 18), (26, 17), (26, 16), (26, 15), (26, 14), (27, 14), (27, 13), (28, 13)] 
Custo: 142 
Nos Gerados: 56 
Nos Visitados: 24 
Funcao de Custo: 4 
 Heuristica: Euclidiana

A*:
Inicio: (3, 14) 
Chegada: (15, 8) 
Caminho: [(3, 14), (4, 14), (5, 14), (6, 14), (7, 14), (8, 14), (8, 13), (9, 13), (10, 13), (11, 13), (11, 12), (12, 12), (12, 11), (12, 10), (13, 10), (14, 10), (14, 9), (15, 9), (15, 8)] 
Custo: 180 
Nos Gerados: 134 
Nos Visitados: 95 
Funcao de Custo: 1 
 Heuristica: Euclidiana

A*:
Inicio: (3, 14) 
Chegada: (15, 8) 
Caminho: [(3, 14), (4, 14), (5, 14), (6, 14), (7, 14), (8, 14), (9, 14), (10, 14), (11, 14), (12, 14), (12, 13), (13, 13), (13, 12), (13, 11), (13, 10), (14, 10), (14, 9), (15, 9), (15, 8)] 
Custo: 210 
Nos Gerados: 172 
Nos Visitados: 131 
Funcao de Custo: 2 
 Heuristica: Euclidiana

A*:
Inicio: (3, 14) 
Chegada: (15, 8) 
Caminho: [(3, 14), (4, 14), (5, 14), (6, 14), (7, 14), (8, 14), (9, 14), (9, 13), (10, 13), (10, 12), (11, 12), (12, 12), (13, 12), (13, 11), (13, 10), (14, 10), (14, 9), (15, 9), (15, 8)] 
Custo: 191 
Nos Gerados: 158 
Nos Visitados: 117 
Funcao de Custo: 3 
 Heuristica: Euclidiana

A*:
Inicio: (3, 14) 
Chegada: (15, 8) 
Caminho: [(3, 14), (4, 14), (5, 14), (6, 14), (7, 14), (8, 14), (9, 14), (9, 13), (9, 12), (9, 11), (10, 11), (10, 10), (11, 10), (12, 10), (13, 10), (13, 9), (14, 9), (15, 9), (15, 8)] 
Custo: 172 
Nos Gerados: 139 
Nos Visitados: 99 
Funcao de Custo: 4 
 Heuristica: Euclidiana

A*:
Inicio: (30, 22) 
Chegada: (18, 3) 
Caminho: [(30, 22), (30, 21), (30, 20), (30, 19), (30, 18), (30, 17), (30, 16), (30, 15), (29, 15), (29, 14), (28, 14), (27, 14), (26, 14), (26, 13), (25, 13), (25, 12), (25, 11), (25, 10), (25, 9), (25, 8), (24, 8), (23, 8), (22, 8), (21, 8), (20, 8), (20, 7), (20, 6), (20, 5), (19, 5), (19, 4), (18, 4), (18, 3)] 
Custo: 310 
Nos Gerados: 318 
Nos Visitados: 273 
Funcao de Custo: 1 
 Heuristica: Euclidiana

A*:
Inicio: (30, 22) 
Chegada: (18, 3) 
Caminho: [(30, 22), (29, 22), (28, 22), (27, 22), (26, 22), (25, 22), (24, 22), (24, 21), (23, 21), (23, 20), (23, 19), (23, 18), (23, 17), (23, 16), (22, 16), (22, 15), (22, 14), (22, 13), (22, 12), (22, 11), (21, 11), (21, 10), (21, 9), (21, 8), (20, 8), (20, 7), (20, 6), (20, 5), (19, 5), (19, 4), (18, 4), (18, 3)] 
Custo: 405 
Nos Gerados: 457 
Nos Visitados: 405 
Funcao de Custo: 2 
 Heuristica: Euclidiana

A*:
Inicio: (30, 22) 
Chegada: (18, 3) 
Caminho: [(30, 22), (30, 21), (30, 20), (29, 20), (29, 19), (29, 18), (29, 17), (29, 16), (28, 16), (28, 15), (28, 14), (27, 14), (27, 13), (27, 12), (27, 11), (27, 10), (26, 10), (25, 10), (24, 10), (24, 9), (24, 8), (23, 8), (22, 8), (21, 8), (20, 8), (20, 7), (20, 6), (20, 5), (19, 5), (19, 4), (18, 4), (18, 3)] 
Custo: 342 
Nos Gerados: 359 
Nos Visitados: 310 
Funcao de Custo: 3 
 Heuristica: Euclidiana

A*:
Inicio: (30, 22) 
Chegada: (18, 3) 
Caminho: [(30, 22), (30, 21), (29, 21), (28, 21), (28, 20), (28, 19), (27, 19), (27, 18), (27, 17), (27, 16), (27, 15), (27, 14), (27, 13), (27, 12), (27, 11), (27, 10), (27, 9), (26, 9), (26, 8), (25, 8), (24, 8), (23, 8), (22, 8), (22, 7), (22, 6), (22, 5), (21, 5), (20, 5), (20, 4), (19, 4), (18, 4), (18, 3)] 
Custo: 277 
Nos Gerados: 256 
Nos Visitados: 212 
Funcao de Custo: 4 
 Heuristica: Euclidiana

A*:
Inicio: (18, 23) 
Chegada: (25, 18) 
Caminho: [(18, 23), (19, 23), (20, 23), (21, 23), (22, 23), (23, 23), (23, 22), (23, 21), (23, 20), (23, 19), (24, 19), (24, 18), (25, 18)] 
Custo: 120 
Nos Gerados: 85 
Nos Visitados: 55 
Funcao de Custo: 1 
 Heuristica: Euclidiana

A*:
Inicio: (18, 23) 
Chegada: (25, 18) 
Caminho: [(18, 23), (19, 23), (20, 23), (21, 23), (22, 23), (23, 23), (23, 22), (23, 21), (23, 20), (24, 20), (24, 19), (25, 19), (25, 18)] 
Custo: 145 
Nos Gerados: 98 
Nos Visitados: 68 
Funcao de Custo: 2 
 Heuristica: Euclidiana

A*:
Inicio: (18, 23) 
Chegada: (25, 18) 
Caminho: [(18, 23), (19, 23), (20, 23), (21, 23), (22, 23), (23, 23), (23, 22), (23, 21), (23, 20), (24, 20), (24, 19), (25, 19), (25, 18)] 
Custo: 130 
Nos Gerados: 89 
Nos Visitados: 61 
Funcao de Custo: 3 
 Heuristica: Euclidiana

A*:
Inicio: (18, 23) 
Chegada: (25, 18) 
Caminho: [(18, 23), (18, 22), (18, 21), (19, 21), (20, 21), (21, 21), (22, 21), (22, 20), (23, 20), (23, 19), (24, 19), (24, 18), (25, 18)] 
Custo: 114 
Nos Gerados: 69 
Nos Visitados: 44 
Funcao de Custo: 4 
 Heuristica: Euclidiana

A*:
Inicio: (8, 11) 
Chegada: (4, 20) 
Caminho: [(8, 11), (8, 12), (7, 12), (7, 13), (7, 14), (7, 15), (7, 16), (6, 16), (6, 17), (6, 18), (5, 18), (5, 19), (4, 19), (4, 20)] 
Custo: 130 
Nos Gerados: 74 
Nos Visitados: 45 
Funcao de Custo: 1 
 Heuristica: Euclidiana

A*:
Inicio: (8, 11) 
Chegada: (4, 20) 
Caminho: [(8, 11), (8, 12), (7, 12), (7, 13), (7, 14), (7, 15), (6, 15), (6, 16), (6, 17), (6, 18), (5, 18), (5, 19), (4, 19), (4, 20)] 
Custo: 175 
Nos Gerados: 147 
Nos Visitados: 112 
Funcao de Custo: 2 
 Heuristica: Euclidiana

A*:
Inicio: (8, 11) 
Chegada: (4, 20) 
Caminho: [(8, 11), (8, 12), (7, 12), (7, 13), (7, 14), (7, 15), (6, 15), (6, 16), (6, 17), (6, 18), (5, 18), (5, 19), (4, 19), (4, 20)] 
Custo: 146 
Nos Gerados: 98 
Nos Visitados: 67 
Funcao de Custo: 3 
 Heuristica: Euclidiana

A*:
Inicio: (8, 11) 
Chegada: (4, 20) 
Caminho: [(8, 11), (8, 12), (7, 12), (7, 13), (7, 14), (7, 15), (6, 15), (6, 16), (6, 17), (6, 18), (6, 19), (5, 19), (5, 20), (4, 20)] 
Custo: 123 
Nos Gerados: 60 
Nos Visitados: 33 
Funcao de Custo: 4 
 Heuristica: Euclidiana

A*:
Inicio: (11, 13) 
Chegada: (12, 24) 
Caminho: [(11, 13), (11, 14), (11, 15), (11, 16), (11, 17), (11, 18), (11, 19), (11, 20), (11, 21), (11, 22), (11, 23), (12, 23), (12, 24)] 
Custo: 120 
Nos Gerados: 37 
Nos Visitados: 13 
Funcao de Custo: 1 
 Heuristica: Euclidiana

A*:
Inicio: (11, 13) 
Chegada: (12, 24) 
Caminho: [(11, 13), (11, 14), (11, 15), (11, 16), (11, 17), (11, 18), (11, 19), (11, 20), (11, 21), (11, 22), (11, 23), (12, 23), (12, 24)] 
Custo: 175 
Nos Gerados: 128 
Nos Visitados: 93 
Funcao de Custo: 2 
 Heuristica: Euclidiana

A*:
Inicio: (11, 13) 
Chegada: (12, 24) 
Caminho: [(11, 13), (11, 14), (11, 15), (11, 16), (11, 17), (11, 18), (11, 19), (11, 20), (11, 21), (11, 22), (11, 23), (12, 23), (12, 24)] 
Custo: 146 
Nos Gerados: 89 
Nos Visitados: 58 
Funcao de Custo: 3 
 Heuristica: Euclidiana

A*:
Inicio: (11, 13) 
Chegada: (12, 24) 
Caminho: [(11, 13), (11, 14), (11, 15), (11, 16), (11, 17), (11, 18), (11, 19), (11, 20), (11, 21), (11, 22), (11, 23), (11, 24), (12, 24)] 
Custo: 120 
Nos Gerados: 40 
Nos Visitados: 15 
Funcao de Custo: 4 
 Heuristica: Euclidiana

A*:
Inicio: (8, 27) 
Chegada: (8, 15) 
Caminho: [(8, 27), (8, 26), (8, 25), (8, 24), (8, 23), (8, 22), (8, 21), (8, 20), (8, 19), (8, 18), (8, 17), (8, 16), (8, 15)] 
Custo: 120 
Nos Gerados: 38 
Nos Visitados: 13 
Funcao de Custo: 1 
 Heuristica: Euclidiana

A*:
Inicio: (8, 27) 
Chegada: (8, 15) 
Caminho: [(8, 27), (8, 26), (8, 25), (8, 24), (8, 23), (8, 22), (8, 21), (8, 20), (8, 19), (8, 18), (8, 17), (8, 16), (8, 15)] 
Custo: 180 
Nos Gerados: 110 
Nos Visitados: 77 
Funcao de Custo: 2 
 Heuristica: Euclidiana

A*:
Inicio: (8, 27) 
Chegada: (8, 15) 
Caminho: [(8, 27), (8, 26), (8, 25), (8, 24), (8, 23), (8, 22), (8, 21), (8, 20), (8, 19), (8, 18), (8, 17), (8, 16), (8, 15)] 
Custo: 150 
Nos Gerados: 71 
Nos Visitados: 42 
Funcao de Custo: 3 
 Heuristica: Euclidiana

A*:
Inicio: (8, 27) 
Chegada: (8, 15) 
Caminho: [(8, 27), (8, 26), (8, 25), (8, 24), (8, 23), (8, 22), (8, 21), (8, 20), (8, 19), (8, 18), (8, 17), (8, 16), (8, 15)] 
Custo: 115 
Nos Gerados: 40 
Nos Visitados: 15 
Funcao de Custo: 4 
 Heuristica: Euclidiana

A*:
Inicio: (8, 16) 
Chegada: (4, 30) 
Caminho: [(8, 16), (8, 17), (8, 18), (8, 19), (8, 20), (8, 21), (8, 22), (7, 22), (7, 23), (7, 24), (7, 25), (6, 25), (6, 26), (6, 27), (6, 28), (5, 28), (5, 29), (4, 29), (4, 30)] 
Custo: 180 
Nos Gerados: 131 
Nos Visitados: 91 
Funcao de Custo: 1 
 Heuristica: Euclidiana

A*:
Inicio: (8, 16) 
Chegada: (4, 30) 
Caminho: [(8, 16), (8, 17), (8, 18), (8, 19), (8, 20), (8, 21), (8, 22), (7, 22), (7, 23), (7, 24), (7, 25), (6, 25), (6, 26), (6, 27), (6, 28), (5, 28), (5, 29), (4, 29), (4, 30)] 
Custo: 250 
Nos Gerados: 238 
Nos Visitados: 197 
Funcao de Custo: 2 
 Heuristica: Euclidiana

A*:
Inicio: (8, 16) 
Chegada: (4, 30) 
Caminho: [(8, 16), (8, 17), (8, 18), (8, 19), (8, 20), (8, 21), (8, 22), (8, 23), (7, 23), (7, 24), (7, 25), (6, 25), (6, 26), (6, 27), (6, 28), (5, 28), (5, 29), (4, 29), (4, 30)] 
Custo: 214 
Nos Gerados: 188 
Nos Visitados: 144 
Funcao de Custo: 3 
 Heuristica: Euclidiana

A*:
Inicio: (8, 16) 
Chegada: (4, 30) 
Caminho: [(8, 16), (8, 17), (8, 18), (8, 19), (8, 20), (8, 21), (8, 22), (7, 22), (7, 23), (7, 24), (7, 25), (7, 26), (7, 27), (7, 28), (6, 28), (6, 29), (5, 29), (5, 30), (4, 30)] 
Custo: 169 
Nos Gerados: 84 
Nos Visitados: 51 
Funcao de Custo: 4 
 Heuristica: Euclidiana

A*:
Inicio: (17, 28) 
Chegada: (30, 2) 
Caminho: [(17, 28), (17, 27), (17, 26), (17, 25), (17, 24), (17, 23), (17, 22), (18, 22), (18, 21), (18, 20), (18, 19), (18, 18), (18, 17), (18, 16), (18, 15), (18, 14), (18, 13), (18, 12), (18, 11), (18, 10), (18, 9), (19, 9), (19, 8), (19, 7), (19, 6), (20, 6), (21, 6), (22, 6), (22, 5), (23, 5), (24, 5), (25, 5), (26, 5), (26, 4), (27, 4), (28, 4), (29, 4), (29, 3), (30, 3), (30, 2)] 
Custo: 390 
Nos Gerados: 537 
Nos Visitados: 479 
Funcao de Custo: 1 
 Heuristica: Euclidiana

A*:
Inicio: (17, 28) 
Chegada: (30, 2) 
Caminho: [(17, 28), (18, 28), (19, 28), (20, 28), (21, 28), (22, 28), (23, 28), (23, 27), (24, 27), (24, 26), (24, 25), (24, 24), (24, 23), (24, 22), (24, 21), (24, 20), (25, 20), (25, 19), (25, 18), (25, 17), (25, 16), (25, 15), (26, 15), (26, 14), (26, 13), (26, 12), (26, 11), (26, 10), (27, 10), (27, 9), (27, 8), (27, 7), (28, 7), (28, 6), (28, 5), (28, 4), (29, 4), (29, 3), (30, 3), (30, 2)] 
Custo: 520 
Nos Gerados: 665 
Nos Visitados: 623 
Funcao de Custo: 2 
 Heuristica: Euclidiana

A*:
Inicio: (17, 28) 
Chegada: (30, 2) 
Caminho: [(17, 28), (18, 28), (19, 28), (20, 28), (20, 27), (21, 27), (21, 26), (21, 25), (21, 24), (21, 23), (22, 23), (23, 23), (24, 23), (24, 22), (24, 21), (24, 20), (25, 20), (25, 19), (25, 18), (25, 17), (25, 16), (25, 15), (26, 15), (26, 14), (26, 13), (26, 12), (26, 11), (26, 10), (27, 10), (27, 9), (27, 8), (27, 7), (28, 7), (28, 6), (28, 5), (28, 4), (29, 4), (29, 3), (30, 3), (30, 2)] 
Custo: 444 
Nos Gerados: 582 
Nos Visitados: 540 
Funcao de Custo: 3 
 Heuristica: Euclidiana

A*:
Inicio: (17, 28) 
Chegada: (30, 2) 
Caminho: [(17, 28), (17, 27), (18, 27), (19, 27), (20, 27), (21, 27), (21, 26), (21, 25), (21, 24), (21, 23), (21, 22), (21, 21), (21, 20), (21, 19), (21, 18), (21, 17), (21, 16), (21, 15), (22, 15), (23, 15), (23, 14), (24, 14), (24, 13), (24, 12), (24, 11), (24, 10), (24, 9), (24, 8), (24, 7), (24, 6), (25, 6), (26, 6), (27, 6), (28, 6), (28, 5), (28, 4), (28, 3), (29, 3), (29, 2), (30, 2)] 
Custo: 342 
Nos Gerados: 389 
Nos Visitados: 309 
Funcao de Custo: 4 
 Heuristica: Euclidiana

A*:
Inicio: (0, 30) 
Chegada: (8, 10) 
Caminho: [(0, 30), (0, 29), (0, 28), (0, 27), (0, 26), (1, 26), (1, 25), (1, 24), (1, 23), (1, 22), (2, 22), (2, 21), (2, 20), (2, 19), (2, 18), (2, 17), (2, 16), (2, 15), (2, 14), (2, 13), (3, 13), (3, 12), (4, 12), (5, 12), (6, 12), (6, 11), (7, 11), (8, 11), (8, 10)] 
Custo: 280 
Nos Gerados: 199 
Nos Visitados: 164 
Funcao de Custo: 1 
 Heuristica: Euclidiana

A*:
Inicio: (0, 30) 
Chegada: (8, 10) 
Caminho: [(0, 30), (1, 30), (2, 30), (2, 29), (2, 28), (3, 28), (3, 27), (3, 26), (3, 25), (3, 24), (3, 23), (4, 23), (4, 22), (4, 21), (4, 20), (4, 19), (4, 18), (5, 18), (5, 17), (5, 16), (5, 15), (6, 15), (6, 14), (6, 13), (6, 12), (7, 12), (7, 11), (8, 11), (8, 10)] 
Custo: 380 
Nos Gerados: 289 
Nos Visitados: 261 
Funcao de Custo: 2 
 Heuristica: Euclidiana

A*:
Inicio: (0, 30) 
Chegada: (8, 10) 
Caminho: [(0, 30), (1, 30), (2, 30), (2, 29), (2, 28), (3, 28), (3, 27), (3, 26), (3, 25), (3, 24), (3, 23), (4, 23), (4, 22), (4, 21), (4, 20), (4, 19), (4, 18), (5, 18), (5, 17), (5, 16), (5, 15), (6, 15), (6, 14), (6, 13), (6, 12), (7, 12), (7, 11), (8, 11), (8, 10)] 
Custo: 327 
Nos Gerados: 253 
Nos Visitados: 224 
Funcao de Custo: 3 
 Heuristica: Euclidiana

A*:
Inicio: (0, 30) 
Chegada: (8, 10) 
Caminho: [(0, 30), (0, 29), (1, 29), (2, 29), (2, 28), (3, 28), (3, 27), (3, 26), (3, 25), (3, 24), (3, 23), (3, 22), (3, 21), (3, 20), (3, 19), (3, 18), (3, 17), (3, 16), (4, 16), (4, 15), (5, 15), (6, 15), (6, 14), (6, 13), (6, 12), (6, 11), (7, 11), (7, 10), (8, 10)] 
Custo: 248 
Nos Gerados: 153 
Nos Visitados: 117 
Funcao de Custo: 4 
 Heuristica: Euclidiana

A*:
Inicio: (20, 10) 
Chegada: (13, 0) 
Caminho: [(20, 10), (20, 9), (20, 8), (20, 7), (19, 7), (19, 6), (19, 5), (19, 4), (19, 3), (18, 3), (18, 2), (17, 2), (16, 2), (15, 2), (15, 1), (14, 1), (14, 0), (13, 0)] 
Custo: 170 
Nos Gerados: 123 
Nos Visitados: 88 
Funcao de Custo: 1 
 Heuristica: Euclidiana

A*:
Inicio: (20, 10) 
Chegada: (13, 0) 
Caminho: [(20, 10), (19, 10), (18, 10), (17, 10), (17, 9), (17, 8), (16, 8), (16, 7), (16, 6), (16, 5), (15, 5), (15, 4), (15, 3), (15, 2), (14, 2), (14, 1), (13, 1), (13, 0)] 
Custo: 220 
Nos Gerados: 209 
Nos Visitados: 168 
Funcao de Custo: 2 
 Heuristica: Euclidiana

A*:
Inicio: (20, 10) 
Chegada: (13, 0) 
Caminho: [(20, 10), (19, 10), (18, 10), (17, 10), (17, 9), (17, 8), (16, 8), (16, 7), (16, 6), (16, 5), (15, 5), (15, 4), (15, 3), (15, 2), (14, 2), (14, 1), (13, 1), (13, 0)] 
Custo: 193 
Nos Gerados: 174 
Nos Visitados: 137 
Funcao de Custo: 3 
 Heuristica: Euclidiana

A*:
Inicio: (20, 10) 
Chegada: (13, 0) 
Caminho: [(20, 10), (20, 9), (19, 9), (18, 9), (17, 9), (17, 8), (16, 8), (16, 7), (16, 6), (16, 5), (16, 4), (16, 3), (16, 2), (15, 2), (15, 1), (14, 1), (14, 0), (13, 0)] 
Custo: 148 
Nos Gerados: 91 
Nos Visitados: 59 
Funcao de Custo: 4 
 Heuristica: Euclidiana

A*:
Inicio: (8, 22) 
Chegada: (6, 15) 
Caminho: [(8, 22), (8, 21), (8, 20), (8, 19), (8, 18), (8, 17), (7, 17), (7, 16), (6, 16), (6, 15)] 
Custo: 90 
Nos Gerados: 45 
Nos Visitados: 26 
Funcao de Custo: 1 
 Heuristica: Euclidiana

A*:
Inicio: (8, 22) 
Chegada: (6, 15) 
Caminho: [(8, 22), (8, 21), (8, 20), (8, 19), (8, 18), (8, 17), (7, 17), (7, 16), (6, 16), (6, 15)] 
Custo: 125 
Nos Gerados: 74 
Nos Visitados: 49 
Funcao de Custo: 2 
 Heuristica: Euclidiana

A*:
Inicio: (8, 22) 
Chegada: (6, 15) 
Caminho: [(8, 22), (8, 21), (8, 20), (8, 19), (8, 18), (8, 17), (7, 17), (7, 16), (6, 16), (6, 15)] 
Custo: 106 
Nos Gerados: 62 
Nos Visitados: 39 
Funcao de Custo: 3 
 Heuristica: Euclidiana

A*:
Inicio: (8, 22) 
Chegada: (6, 15) 
Caminho: [(8, 22), (8, 21), (8, 20), (8, 19), (8, 18), (8, 17), (7, 17), (7, 16), (7, 15), (6, 15)] 
Custo: 98 
Nos Gerados: 49 
Nos Visitados: 29 
Funcao de Custo: 4 
 Heuristica: Euclidiana

A*:
Inicio: (4, 23) 
Chegada: (3, 7) 
Caminho: [(4, 23), (4, 22), (4, 21), (4, 20), (4, 19), (4, 18), (4, 17), (4, 16), (4, 15), (4, 14), (4, 13), (4, 12), (4, 11), (4, 10), (4, 9), (4, 8), (4, 7), (3, 7)] 
Custo: 170 
Nos Gerados: 53 
Nos Visitados: 18 
Funcao de Custo: 1 
 Heuristica: Euclidiana

A*:
Inicio: (4, 23) 
Chegada: (3, 7) 
Caminho: [(4, 23), (4, 22), (4, 21), (4, 20), (4, 19), (4, 18), (4, 17), (4, 16), (4, 15), (4, 14), (4, 13), (4, 12), (4, 11), (4, 10), (4, 9), (4, 8), (3, 8), (3, 7)] 
Custo: 250 
Nos Gerados: 186 
Nos Visitados: 151 
Funcao de Custo: 2 
 Heuristica: Euclidiana

A*:
Inicio: (4, 23) 
Chegada: (3, 7) 
Caminho: [(4, 23), (4, 22), (4, 21), (4, 20), (4, 19), (4, 18), (4, 17), (4, 16), (4, 15), (4, 14), (4, 13), (4, 12), (4, 11), (4, 10), (4, 9), (4, 8), (3, 8), (3, 7)] 
Custo: 207 
Nos Gerados: 143 
Nos Visitados: 103 
Funcao de Custo: 3 
 Heuristica: Euclidiana

A*:
Inicio: (4, 23) 
Chegada: (3, 7) 
Caminho: [(4, 23), (4, 22), (4, 21), (4, 20), (4, 19), (4, 18), (4, 17), (4, 16), (4, 15), (4, 14), (4, 13), (4, 12), (4, 11), (4, 10), (4, 9), (4, 8), (4, 7), (3, 7)] 
Custo: 155 
Nos Gerados: 55 
Nos Visitados: 20 
Funcao de Custo: 4 
 Heuristica: Euclidiana

A*:
Inicio: (22, 24) 
Chegada: (5, 5) 
Caminho: [(22, 24), (21, 24), (20, 24), (19, 24), (18, 24), (17, 24), (17, 23), (17, 22), (17, 21), (16, 21), (15, 21), (14, 21), (14, 20), (14, 19), (14, 18), (14, 17), (13, 17), (12, 17), (11, 17), (11, 16), (11, 15), (11, 14), (10, 14), (9, 14), (9, 13), (9, 12), (8, 12), (8, 11), (8, 10), (8, 9), (8, 8), (7, 8), (7, 7), (6, 7), (6, 6), (6, 5), (5, 5)] 
Custo: 360 
Nos Gerados: 530 
Nos Visitados: 452 
Funcao de Custo: 1 
 Heuristica: Euclidiana

A*:
Inicio: (22, 24) 
Chegada: (5, 5) 
Caminho: [(22, 24), (21, 24), (20, 24), (19, 24), (18, 24), (17, 24), (16, 24), (15, 24), (14, 24), (13, 24), (12, 24), (11, 24), (11, 23), (10, 23), (10, 22), (10, 21), (10, 20), (10, 19), (10, 18), (9, 18), (9, 17), (9, 16), (9, 15), (9, 14), (9, 13), (8, 13), (8, 12), (8, 11), (8, 10), (7, 10), (7, 9), (7, 8), (7, 7), (6, 7), (6, 6), (5, 6), (5, 5)] 
Custo: 455 
Nos Gerados: 711 
Nos Visitados: 655 
Funcao de Custo: 2 
 Heuristica: Euclidiana

A*:
Inicio: (22, 24) 
Chegada: (5, 5) 
Caminho: [(22, 24), (21, 24), (20, 24), (19, 24), (18, 24), (17, 24), (17, 23), (17, 22), (16, 22), (16, 21), (15, 21), (14, 21), (13, 21), (13, 20), (12, 20), (12, 19), (12, 18), (12, 17), (11, 17), (11, 16), (11, 15), (11, 14), (10, 14), (10, 13), (9, 13), (9, 12), (8, 12), (8, 11), (8, 10), (7, 10), (7, 9), (7, 8), (7, 7), (6, 7), (6, 6), (5, 6), (5, 5)] 
Custo: 398 
Nos Gerados: 623 
Nos Visitados: 546 
Funcao de Custo: 3 
 Heuristica: Euclidiana

A*:
Inicio: (22, 24) 
Chegada: (5, 5) 
Caminho: [(22, 24), (22, 23), (21, 23), (20, 23), (19, 23), (18, 23), (18, 22), (18, 21), (18, 20), (18, 19), (18, 18), (18, 17), (18, 16), (18, 15), (18, 14), (18, 13), (17, 13), (16, 13), (15, 13), (14, 13), (13, 13), (12, 13), (12, 12), (12, 11), (12, 10), (12, 9), (12, 8), (11, 8), (10, 8), (9, 8), (8, 8), (7, 8), (7, 7), (6, 7), (6, 6), (6, 5), (5, 5)] 
Custo: 318 
Nos Gerados: 388 
Nos Visitados: 306 
Funcao de Custo: 4 
 Heuristica: Euclidiana