Dijkstra:
Inicio: (10, 29) 
Chegada: (23, 26) 
Caminho: [(10, 29), (11, 29), (12, 29), (13, 29), (14, 29), (15, 29), (16, 29), (17, 29), (18, 29), (19, 29), (20, 29), (21, 29), (22, 29), (22, 28), (22, 27), (22, 26), (23, 26)] 
Custo: 160 
Nos Gerados: 305 
Nos Visitados: 273 
Funcao de Custo: 1 

Dijkstra:
Inicio: (10, 29) 
Chegada: (23, 26) 
Caminho: [(10, 29), (11, 29), (12, 29), (13, 29), (14, 29), (15, 29), (16, 29), (17, 29), (18, 29), (19, 29), (20, 29), (21, 29), (22, 29), (23, 29), (23, 28), (23, 27), (23, 26)] 
Custo: 175 
Nos Gerados: 259 
Nos Visitados: 229 
Funcao de Custo: 2 

Dijkstra:
Inicio: (10, 29) 
Chegada: (23, 26) 
Caminho: [(10, 29), (11, 29), (12, 29), (13, 29), (14, 29), (15, 29), (16, 29), (17, 29), (18, 29), (19, 29), (20, 29), (21, 29), (22, 29), (22, 28), (23, 28), (23, 27), (23, 26)] 
Custo: 165 
Nos Gerados: 280 
Nos Visitados: 251 
Funcao de Custo: 3 

Dijkstra:
Inicio: (10, 29) 
Chegada: (23, 26) 
Caminho: [(10, 29), (10, 28), (11, 28), (12, 28), (13, 28), (14, 28), (15, 28), (16, 28), (16, 27), (17, 27), (17, 26), (18, 26), (19, 26), (20, 26), (21, 26), (22, 26), (23, 26)] 
Custo: 151 
Nos Gerados: 345 
Nos Visitados: 314 
Funcao de Custo: 4 

Dijkstra:
Inicio: (24, 29) 
Chegada: (22, 27) 
Caminho: [(24, 29), (24, 28), (24, 27), (23, 27), (22, 27)] 
Custo: 40 
Nos Gerados: 44 
Nos Visitados: 30 
Funcao de Custo: 1 

Dijkstra:
Inicio: (24, 29) 
Chegada: (22, 27) 
Caminho: [(24, 29), (23, 29), (22, 29), (22, 28), (22, 27)] 
Custo: 50 
Nos Gerados: 47 
Nos Visitados: 31 
Funcao de Custo: 2 

Dijkstra:
Inicio: (24, 29) 
Chegada: (22, 27) 
Caminho: [(24, 29), (23, 29), (22, 29), (22, 28), (22, 27)] 
Custo: 47 
Nos Gerados: 41 
Nos Visitados: 29 
Funcao de Custo: 3 

Dijkstra:
Inicio: (24, 29) 
Chegada: (22, 27) 
Caminho: [(24, 29), (24, 28), (23, 28), (22, 28), (22, 27)] 
Custo: 38 
Nos Gerados: 38 
Nos Visitados: 26 
Funcao de Custo: 4 

Dijkstra:
Inicio: (1, 21) 
Chegada: (18, 8) 
Caminho: [(1, 21), (2, 21), (2, 20), (3, 20), (4, 20), (5, 20), (6, 20), (7, 20), (7, 19), (7, 18), (8, 18), (9, 18), (9, 17), (10, 17), (10, 16), (10, 15), (10, 14), (11, 14), (12, 14), (13, 14), (13, 13), (14, 13), (15, 13), (15, 12), (15, 11), (16, 11), (17, 11), (18, 11), (18, 10), (18, 9), (18, 8)] 
Custo: 300 
Nos Gerados: 734 
Nos Visitados: 700 
Funcao de Custo: 1 

Dijkstra:
Inicio: (1, 21) 
Chegada: (18, 8) 
Caminho: [(1, 21), (2, 21), (3, 21), (4, 21), (5, 21), (6, 21), (7, 21), (8, 21), (9, 21), (10, 21), (11, 21), (12, 21), (13, 21), (14, 21), (15, 21), (16, 21), (17, 21), (18, 21), (18, 20), (18, 19), (18, 18), (18, 17), (18, 16), (18, 15), (18, 14), (18, 13), (18, 12), (18, 11), (18, 10), (18, 9), (18, 8)] 
Custo: 365 
Nos Gerados: 761 
Nos Visitados: 731 
Funcao de Custo: 2 

Dijkstra:
Inicio: (1, 21) 
Chegada: (18, 8) 
Caminho: [(1, 21), (2, 21), (3, 21), (4, 21), (5, 21), (6, 21), (7, 21), (7, 20), (7, 19), (8, 19), (9, 19), (10, 19), (11, 19), (11, 18), (11, 17), (12, 17), (13, 17), (14, 17), (15, 17), (15, 16), (15, 15), (16, 15), (17, 15), (18, 15), (18, 14), (18, 13), (18, 12), (18, 11), (18, 10), (18, 9), (18, 8)] 
Custo: 323 
Nos Gerados: 749 
Nos Visitados: 718 
Funcao de Custo: 3 

Dijkstra:
Inicio: (1, 21) 
Chegada: (18, 8) 
Caminho: [(1, 21), (1, 20), (2, 20), (3, 20), (4, 20), (5, 20), (6, 20), (6, 19), (6, 18), (6, 17), (6, 16), (6, 15), (6, 14), (6, 13), (6, 12), (6, 11), (6, 10), (7, 10), (8, 10), (9, 10), (10, 10), (11, 10), (12, 10), (12, 9), (12, 8), (13, 8), (14, 8), (15, 8), (16, 8), (17, 8), (18, 8)] 
Custo: 261 
Nos Gerados: 685 
Nos Visitados: 655 
Funcao de Custo: 4 

Dijkstra:
Inicio: (23, 23) 
Chegada: (11, 12) 
Caminho: [(23, 23), (22, 23), (21, 23), (20, 23), (20, 22), (20, 21), (20, 20), (19, 20), (18, 20), (17, 20), (16, 20), (15, 20), (14, 20), (14, 19), (14, 18), (14, 17), (14, 16), (14, 15), (14, 14), (13, 14), (13, 13), (13, 12), (12, 12), (11, 12)] 
Custo: 230 
Nos Gerados: 666 
Nos Visitados: 624 
Funcao de Custo: 1 

Dijkstra:
Inicio: (23, 23) 
Chegada: (11, 12) 
Caminho: [(23, 23), (22, 23), (21, 23), (20, 23), (19, 23), (18, 23), (17, 23), (16, 23), (15, 23), (14, 23), (13, 23), (12, 23), (11, 23), (11, 22), (11, 21), (11, 20), (11, 19), (11, 18), (11, 17), (11, 16), (11, 15), (11, 14), (11, 13), (11, 12)] 
Custo: 285 
Nos Gerados: 644 
Nos Visitados: 609 
Funcao de Custo: 2 

Dijkstra:
Inicio: (23, 23) 
Chegada: (11, 12) 
Caminho: [(23, 23), (22, 23), (21, 23), (20, 23), (19, 23), (18, 23), (17, 23), (16, 23), (15, 23), (14, 23), (13, 23), (12, 23), (11, 23), (11, 22), (11, 21), (11, 20), (11, 19), (11, 18), (11, 17), (11, 16), (11, 15), (11, 14), (11, 13), (11, 12)] 
Custo: 255 
Nos Gerados: 645 
Nos Visitados: 608 
Funcao de Custo: 3 

Dijkstra:
Inicio: (23, 23) 
Chegada: (11, 12) 
Caminho: [(23, 23), (23, 22), (22, 22), (21, 22), (20, 22), (19, 22), (18, 22), (18, 21), (18, 20), (18, 19), (18, 18), (18, 17), (18, 16), (18, 15), (18, 14), (18, 13), (18, 12), (17, 12), (16, 12), (15, 12), (14, 12), (13, 12), (12, 12), (11, 12)] 
Custo: 200 
Nos Gerados: 602 
Nos Visitados: 562 
Funcao de Custo: 4 

Dijkstra:
Inicio: (10, 3) 
Chegada: (29, 24) 
Caminho: [(10, 3), (10, 4), (11, 4), (11, 5), (12, 5), (12, 6), (12, 7), (12, 8), (13, 8), (13, 9), (14, 9), (15, 9), (15, 10), (15, 11), (16, 11), (17, 11), (17, 12), (18, 12), (19, 12), (20, 12), (20, 13), (20, 14), (20, 15), (20, 16), (21, 16), (22, 16), (23, 16), (24, 16), (25, 16), (25, 17), (26, 17), (27, 17), (28, 17), (29, 17), (29, 18), (29, 19), (29, 20), (29, 21), (29, 22), (29, 23), (29, 24)] 
Custo: 400 
Nos Gerados: 933 
Nos Visitados: 926 
Funcao de Custo: 1 

Dijkstra:
Inicio: (10, 3) 
Chegada: (29, 24) 
Caminho: [(10, 3), (11, 3), (12, 3), (13, 3), (14, 3), (15, 3), (16, 3), (17, 3), (18, 3), (19, 3), (20, 3), (21, 3), (22, 3), (23, 3), (24, 3), (25, 3), (26, 3), (27, 3), (28, 3), (29, 3), (29, 4), (29, 5), (29, 6), (29, 7), (29, 8), (29, 9), (29, 10), (29, 11), (29, 12), (29, 13), (29, 14), (29, 15), (29, 16), (29, 17), (29, 18), (29, 19), (29, 20), (29, 21), (29, 22), (29, 23), (29, 24)] 
Custo: 505 
Nos Gerados: 929 
Nos Visitados: 920 
Funcao de Custo: 2 

Dijkstra:
Inicio: (10, 3) 
Chegada: (29, 24) 
Caminho: [(10, 3), (11, 3), (12, 3), (13, 3), (14, 3), (15, 3), (16, 3), (17, 3), (18, 3), (19, 3), (20, 3), (21, 3), (22, 3), (23, 3), (24, 3), (25, 3), (26, 3), (27, 3), (28, 3), (28, 4), (29, 4), (29, 5), (29, 6), (29, 7), (29, 8), (29, 9), (29, 10), (29, 11), (29, 12), (29, 13), (29, 14), (29, 15), (29, 16), (29, 17), (29, 18), (29, 19), (29, 20), (29, 21), (29, 22), (29, 23), (29, 24)] 
Custo: 450 
Nos Gerados: 933 
Nos Visitados: 925 
Funcao de Custo: 3 

Dijkstra:
Inicio: (10, 3) 
Chegada: (29, 24) 
Caminho: [(10, 3), (10, 4), (11, 4), (12, 4), (13, 4), (14, 4), (15, 4), (15, 5), (15, 6), (15, 7), (15, 8), (15, 9), (15, 10), (15, 11), (15, 12), (15, 13), (15, 14), (16, 14), (17, 14), (18, 14), (19, 14), (20, 14), (21, 14), (21, 15), (21, 16), (21, 17), (21, 18), (21, 19), (22, 19), (23, 19), (24, 19), (25, 19), (26, 19), (27, 19), (27, 20), (27, 21), (27, 22), (27, 23), (27, 24), (28, 24), (29, 24)] 
Custo: 340 
Nos Gerados: 932 
Nos Visitados: 924 
Funcao de Custo: 4 

Dijkstra:
Inicio: (28, 7) 
Chegada: (22, 6) 
Caminho: [(28, 7), (27, 7), (26, 7), (25, 7), (24, 7), (23, 7), (22, 7), (22, 6)] 
Custo: 70 
Nos Gerados: 105 
Nos Visitados: 85 
Funcao de Custo: 1 

Dijkstra:
Inicio: (28, 7) 
Chegada: (22, 6) 
Caminho: [(28, 7), (27, 7), (26, 7), (25, 7), (24, 7), (23, 7), (22, 7), (22, 6)] 
Custo: 75 
Nos Gerados: 82 
Nos Visitados: 62 
Funcao de Custo: 2 

Dijkstra:
Inicio: (28, 7) 
Chegada: (22, 6) 
Caminho: [(28, 7), (27, 7), (26, 7), (25, 7), (24, 7), (23, 7), (22, 7), (22, 6)] 
Custo: 70 
Nos Gerados: 81 
Nos Visitados: 63 
Funcao de Custo: 3 

Dijkstra:
Inicio: (28, 7) 
Chegada: (22, 6) 
Caminho: [(28, 7), (28, 6), (27, 6), (26, 6), (25, 6), (24, 6), (23, 6), (22, 6)] 
Custo: 65 
Nos Gerados: 82 
Nos Visitados: 64 
Funcao de Custo: 4 

Dijkstra:
Inicio: (2, 16) 
Chegada: (27, 29) 
Caminho: [(2, 16), (3, 16), (4, 16), (5, 16), (6, 16), (7, 16), (8, 16), (9, 16), (10, 16), (10, 17), (10, 18), (10, 19), (11, 19), (12, 19), (13, 19), (13, 20), (13, 21), (13, 22), (13, 23), (14, 23), (15, 23), (16, 23), (17, 23), (17, 24), (17, 25), (17, 26), (17, 27), (18, 27), (19, 27), (20, 27), (21, 27), (22, 27), (22, 28), (22, 29), (23, 29), (24, 29), (25, 29), (26, 29), (27, 29)] 
Custo: 380 
Nos Gerados: 939 
Nos Visitados: 927 
Funcao de Custo: 1 

Dijkstra:
Inicio: (2, 16) 
Chegada: (27, 29) 
Caminho: [(2, 16), (3, 16), (4, 16), (5, 16), (6, 16), (7, 16), (8, 16), (9, 16), (10, 16), (11, 16), (12, 16), (13, 16), (14, 16), (15, 16), (16, 16), (17, 16), (18, 16), (19, 16), (20, 16), (21, 16), (22, 16), (23, 16), (24, 16), (25, 16), (26, 16), (27, 16), (27, 17), (27, 18), (27, 19), (27, 20), (27, 21), (27, 22), (27, 23), (27, 24), (27, 25), (27, 26), (27, 27), (27, 28), (27, 29)] 
Custo: 445 
Nos Gerados: 937 
Nos Visitados: 925 
Funcao de Custo: 2 

Dijkstra:
Inicio: (2, 16) 
Chegada: (27, 29) 
Caminho: [(2, 16), (3, 16), (4, 16), (5, 16), (6, 16), (7, 16), (8, 16), (9, 16), (10, 16), (11, 16), (12, 16), (13, 16), (14, 16), (14, 17), (15, 17), (16, 17), (16, 18), (17, 18), (18, 18), (18, 19), (18, 20), (18, 21), (19, 21), (19, 22), (19, 23), (19, 24), (19, 25), (19, 26), (19, 27), (20, 27), (21, 27), (21, 28), (22, 28), (22, 29), (23, 29), (24, 29), (25, 29), (26, 29), (27, 29)] 
Custo: 403 
Nos Gerados: 939 
Nos Visitados: 929 
Funcao de Custo: 3 

Dijkstra:
Inicio: (2, 16) 
Chegada: (27, 29) 
Caminho: [(2, 16), (2, 17), (3, 17), (4, 17), (5, 17), (6, 17), (7, 17), (8, 17), (9, 17), (10, 17), (11, 17), (11, 18), (11, 19), (11, 20), (11, 21), (11, 22), (11, 23), (12, 23), (13, 23), (14, 23), (15, 23), (16, 23), (17, 23), (17, 24), (17, 25), (17, 26), (17, 27), (17, 28), (18, 28), (19, 28), (20, 28), (21, 28), (22, 28), (23, 28), (23, 29), (24, 29), (25, 29), (26, 29), (27, 29)] 
Custo: 336 
Nos Gerados: 930 
Nos Visitados: 917 
Funcao de Custo: 4 

Dijkstra:
Inicio: (29, 22) 
Chegada: (16, 23) 
Caminho: [(29, 22), (28, 22), (27, 22), (26, 22), (25, 22), (24, 22), (23, 22), (22, 22), (21, 22), (20, 22), (19, 22), (19, 23), (18, 23), (17, 23), (16, 23)] 
Custo: 140 
Nos Gerados: 238 
Nos Visitados: 209 
Funcao de Custo: 1 

Dijkstra:
Inicio: (29, 22) 
Chegada: (16, 23) 
Caminho: [(29, 22), (28, 22), (27, 22), (26, 22), (25, 22), (24, 22), (23, 22), (22, 22), (21, 22), (20, 22), (19, 22), (18, 22), (17, 22), (16, 22), (16, 23)] 
Custo: 145 
Nos Gerados: 192 
Nos Visitados: 164 
Funcao de Custo: 2 

Dijkstra:
Inicio: (29, 22) 
Chegada: (16, 23) 
Caminho: [(29, 22), (28, 22), (27, 22), (26, 22), (25, 22), (24, 22), (23, 22), (22, 22), (21, 22), (20, 22), (19, 22), (18, 22), (17, 22), (17, 23), (16, 23)] 
Custo: 140 
Nos Gerados: 209 
Nos Visitados: 184 
Funcao de Custo: 3 

Dijkstra:
Inicio: (29, 22) 
Chegada: (16, 23) 
Caminho: [(29, 22), (29, 23), (28, 23), (27, 23), (26, 23), (25, 23), (24, 23), (23, 23), (22, 23), (21, 23), (20, 23), (19, 23), (18, 23), (17, 23), (16, 23)] 
Custo: 135 
Nos Gerados: 271 
Nos Visitados: 245 
Funcao de Custo: 4 

Dijkstra:
Inicio: (12, 15) 
Chegada: (10, 22) 
Caminho: [(12, 15), (12, 16), (11, 16), (11, 17), (11, 18), (11, 19), (11, 20), (11, 21), (10, 21), (10, 22)] 
Custo: 90 
Nos Gerados: 194 
Nos Visitados: 152 
Funcao de Custo: 1 

Dijkstra:
Inicio: (12, 15) 
Chegada: (10, 22) 
Caminho: [(12, 15), (11, 15), (10, 15), (10, 16), (10, 17), (10, 18), (10, 19), (10, 20), (10, 21), (10, 22)] 
Custo: 125 
Nos Gerados: 259 
Nos Visitados: 209 
Funcao de Custo: 2 

Dijkstra:
Inicio: (12, 15) 
Chegada: (10, 22) 
Caminho: [(12, 15), (12, 16), (11, 16), (11, 17), (10, 17), (10, 18), (10, 19), (10, 20), (10, 21), (10, 22)] 
Custo: 100 
Nos Gerados: 218 
Nos Visitados: 175 
Funcao de Custo: 3 

Dijkstra:
Inicio: (12, 15) 
Chegada: (10, 22) 
Caminho: [(12, 15), (12, 16), (11, 16), (10, 16), (10, 17), (10, 18), (10, 19), (10, 20), (10, 21), (10, 22)] 
Custo: 88 
Nos Gerados: 209 
Nos Visitados: 170 
Funcao de Custo: 4 

Dijkstra:
Inicio: (16, 14) 
Chegada: (12, 28) 
Caminho: [(16, 14), (16, 15), (15, 15), (15, 16), (15, 17), (15, 18), (15, 19), (15, 20), (14, 20), (14, 21), (14, 22), (13, 22), (13, 23), (13, 24), (13, 25), (13, 26), (13, 27), (13, 28), (12, 28)] 
Custo: 180 
Nos Gerados: 692 
Nos Visitados: 638 
Funcao de Custo: 1 

Dijkstra:
Inicio: (16, 14) 
Chegada: (12, 28) 
Caminho: [(16, 14), (15, 14), (14, 14), (13, 14), (12, 14), (12, 15), (12, 16), (12, 17), (12, 18), (12, 19), (12, 20), (12, 21), (12, 22), (12, 23), (12, 24), (12, 25), (12, 26), (12, 27), (12, 28)] 
Custo: 250 
Nos Gerados: 749 
Nos Visitados: 696 
Funcao de Custo: 2 

Dijkstra:
Inicio: (16, 14) 
Chegada: (12, 28) 
Caminho: [(16, 14), (15, 14), (14, 14), (13, 14), (12, 14), (12, 15), (12, 16), (12, 17), (12, 18), (12, 19), (12, 20), (12, 21), (12, 22), (12, 23), (12, 24), (12, 25), (12, 26), (12, 27), (12, 28)] 
Custo: 213 
Nos Gerados: 725 
Nos Visitados: 675 
Funcao de Custo: 3 

Dijkstra:
Inicio: (16, 14) 
Chegada: (12, 28) 
Caminho: [(16, 14), (16, 15), (15, 15), (14, 15), (13, 15), (12, 15), (12, 16), (12, 17), (12, 18), (12, 19), (12, 20), (12, 21), (12, 22), (12, 23), (12, 24), (12, 25), (12, 26), (12, 27), (12, 28)] 
Custo: 152 
Nos Gerados: 657 
Nos Visitados: 595 
Funcao de Custo: 4 

Dijkstra:
Inicio: (3, 24) 
Chegada: (26, 11) 
Caminho: [(3, 24), (4, 24), (5, 24), (6, 24), (7, 24), (8, 24), (9, 24), (10, 24), (11, 24), (12, 24), (13, 24), (14, 24), (14, 23), (15, 23), (15, 22), (16, 22), (17, 22), (17, 21), (18, 21), (18, 20), (18, 19), (19, 19), (19, 18), (19, 17), (19, 16), (19, 15), (19, 14), (19, 13), (19, 12), (20, 12), (21, 12), (22, 12), (23, 12), (24, 12), (25, 12), (25, 11), (26, 11)] 
Custo: 360 
Nos Gerados: 847 
Nos Visitados: 830 
Funcao de Custo: 1 

Dijkstra:
Inicio: (3, 24) 
Chegada: (26, 11) 
Caminho: [(3, 24), (4, 24), (5, 24), (6, 24), (7, 24), (8, 24), (9, 24), (10, 24), (11, 24), (12, 24), (13, 24), (14, 24), (15, 24), (16, 24), (17, 24), (18, 24), (19, 24), (20, 24), (21, 24), (22, 24), (23, 24), (24, 24), (25, 24), (26, 24), (26, 23), (26, 22), (26, 21), (26, 20), (26, 19), (26, 18), (26, 17), (26, 16), (26, 15), (26, 14), (26, 13), (26, 12), (26, 11)] 
Custo: 425 
Nos Gerados: 827 
Nos Visitados: 807 
Funcao de Custo: 2 

Dijkstra:
Inicio: (3, 24) 
Chegada: (26, 11) 
Caminho: [(3, 24), (4, 24), (5, 24), (6, 24), (7, 24), (8, 24), (9, 24), (10, 24), (11, 24), (12, 24), (13, 24), (14, 24), (15, 24), (15, 23), (15, 22), (16, 22), (17, 22), (18, 22), (19, 22), (19, 21), (19, 20), (20, 20), (21, 20), (22, 20), (23, 20), (23, 19), (23, 18), (24, 18), (25, 18), (26, 18), (26, 17), (26, 16), (26, 15), (26, 14), (26, 13), (26, 12), (26, 11)] 
Custo: 383 
Nos Gerados: 835 
Nos Visitados: 817 
Funcao de Custo: 3 

Dijkstra:
Inicio: (3, 24) 
Chegada: (26, 11) 
Caminho: [(3, 24), (3, 23), (4, 23), (5, 23), (6, 23), (7, 23), (8, 23), (8, 22), (8, 21), (8, 20), (8, 19), (8, 18), (8, 17), (8, 16), (8, 15), (8, 14), (8, 13), (9, 13), (10, 13), (11, 13), (12, 13), (13, 13), (14, 13), (14, 12), (14, 11), (15, 11), (16, 11), (17, 11), (18, 11), (19, 11), (20, 11), (21, 11), (22, 11), (23, 11), (24, 11), (25, 11), (26, 11)] 
Custo: 321 
Nos Gerados: 861 
Nos Visitados: 843 
Funcao de Custo: 4 

Dijkstra:
Inicio: (20, 4) 
Chegada: (2, 24) 
Caminho: [(20, 4), (19, 4), (18, 4), (17, 4), (16, 4), (15, 4), (14, 4), (13, 4), (12, 4), (11, 4), (10, 4), (10, 5), (9, 5), (9, 6), (9, 7), (9, 8), (9, 9), (8, 9), (8, 10), (8, 11), (8, 12), (8, 13), (8, 14), (7, 14), (6, 14), (6, 15), (6, 16), (6, 17), (6, 18), (5, 18), (4, 18), (4, 19), (3, 19), (3, 20), (3, 21), (3, 22), (3, 23), (2, 23), (2, 24)] 
Custo: 380 
Nos Gerados: 926 
Nos Visitados: 918 
Funcao de Custo: 1 

Dijkstra:
Inicio: (20, 4) 
Chegada: (2, 24) 
Caminho: [(20, 4), (19, 4), (18, 4), (17, 4), (16, 4), (15, 4), (14, 4), (13, 4), (12, 4), (11, 4), (10, 4), (9, 4), (8, 4), (7, 4), (6, 4), (5, 4), (4, 4), (3, 4), (2, 4), (2, 5), (2, 6), (2, 7), (2, 8), (2, 9), (2, 10), (2, 11), (2, 12), (2, 13), (2, 14), (2, 15), (2, 16), (2, 17), (2, 18), (2, 19), (2, 20), (2, 21), (2, 22), (2, 23), (2, 24)] 
Custo: 480 
Nos Gerados: 921 
Nos Visitados: 909 
Funcao de Custo: 2 

Dijkstra:
Inicio: (20, 4) 
Chegada: (2, 24) 
Caminho: [(20, 4), (19, 4), (18, 4), (17, 4), (16, 4), (15, 4), (14, 4), (13, 4), (12, 4), (11, 4), (10, 4), (9, 4), (8, 4), (8, 5), (8, 6), (8, 7), (7, 7), (6, 7), (5, 7), (5, 8), (5, 9), (4, 9), (3, 9), (2, 9), (2, 10), (2, 11), (2, 12), (2, 13), (2, 14), (2, 15), (2, 16), (2, 17), (2, 18), (2, 19), (2, 20), (2, 21), (2, 22), (2, 23), (2, 24)] 
Custo: 420 
Nos Gerados: 925 
Nos Visitados: 914 
Funcao de Custo: 3 

Dijkstra:
Inicio: (20, 4) 
Chegada: (2, 24) 
Caminho: [(20, 4), (20, 5), (19, 5), (18, 5), (17, 5), (16, 5), (15, 5), (15, 6), (15, 7), (15, 8), (15, 9), (15, 10), (15, 11), (15, 12), (15, 13), (15, 14), (15, 15), (14, 15), (13, 15), (12, 15), (11, 15), (10, 15), (9, 15), (9, 16), (9, 17), (9, 18), (9, 19), (9, 20), (8, 20), (7, 20), (6, 20), (5, 20), (4, 20), (3, 20), (3, 21), (3, 22), (3, 23), (3, 24), (2, 24)] 
Custo: 321 
Nos Gerados: 928 
Nos Visitados: 917 
Funcao de Custo: 4 

Dijkstra:
Inicio: (21, 7) 
Chegada: (8, 2) 
Caminho: [(21, 7), (20, 7), (19, 7), (18, 7), (17, 7), (16, 7), (15, 7), (15, 6), (14, 6), (13, 6), (13, 5), (13, 4), (13, 3), (12, 3), (11, 3), (10, 3), (9, 3), (8, 3), (8, 2)] 
Custo: 180 
Nos Gerados: 520 
Nos Visitados: 484 
Funcao de Custo: 1 

Dijkstra:
Inicio: (21, 7) 
Chegada: (8, 2) 
Caminho: [(21, 7), (20, 7), (19, 7), (18, 7), (17, 7), (16, 7), (15, 7), (14, 7), (13, 7), (12, 7), (11, 7), (10, 7), (9, 7), (8, 7), (8, 6), (8, 5), (8, 4), (8, 3), (8, 2)] 
Custo: 205 
Nos Gerados: 469 
Nos Visitados: 429 
Funcao de Custo: 2 

Dijkstra:
Inicio: (21, 7) 
Chegada: (8, 2) 
Caminho: [(21, 7), (20, 7), (19, 7), (18, 7), (17, 7), (16, 7), (15, 7), (15, 6), (14, 6), (14, 5), (13, 5), (12, 5), (11, 5), (11, 4), (11, 3), (10, 3), (9, 3), (9, 2), (8, 2)] 
Custo: 187 
Nos Gerados: 471 
Nos Visitados: 433 
Funcao de Custo: 3 

Dijkstra:
Inicio: (21, 7) 
Chegada: (8, 2) 
Caminho: [(21, 7), (21, 6), (20, 6), (19, 6), (18, 6), (17, 6), (16, 6), (15, 6), (15, 5), (14, 5), (14, 4), (14, 3), (14, 2), (13, 2), (12, 2), (11, 2), (10, 2), (9, 2), (8, 2)] 
Custo: 162 
Nos Gerados: 513 
Nos Visitados: 475 
Funcao de Custo: 4 

Dijkstra:
Inicio: (30, 16) 
Chegada: (27, 21) 
Caminho: [(30, 16), (30, 17), (29, 17), (29, 18), (28, 18), (27, 18), (27, 19), (27, 20), (27, 21)] 
Custo: 80 
Nos Gerados: 100 
Nos Visitados: 78 
Funcao de Custo: 1 

Dijkstra:
Inicio: (30, 16) 
Chegada: (27, 21) 
Caminho: [(30, 16), (29, 16), (28, 16), (27, 16), (27, 17), (27, 18), (27, 19), (27, 20), (27, 21)] 
Custo: 105 
Nos Gerados: 104 
Nos Visitados: 82 
Funcao de Custo: 2 

Dijkstra:
Inicio: (30, 16) 
Chegada: (27, 21) 
Caminho: [(30, 16), (30, 17), (29, 17), (28, 17), (28, 18), (28, 19), (27, 19), (27, 20), (27, 21)] 
Custo: 86 
Nos Gerados: 92 
Nos Visitados: 74 
Funcao de Custo: 3 

Dijkstra:
Inicio: (30, 16) 
Chegada: (27, 21) 
Caminho: [(30, 16), (30, 17), (29, 17), (28, 17), (27, 17), (27, 18), (27, 19), (27, 20), (27, 21)] 
Custo: 77 
Nos Gerados: 90 
Nos Visitados: 72 
Funcao de Custo: 4 

Dijkstra:
Inicio: (4, 0) 
Chegada: (3, 26) 
Caminho: [(4, 0), (4, 1), (4, 2), (4, 3), (4, 4), (4, 5), (4, 6), (4, 7), (4, 8), (4, 9), (4, 10), (4, 11), (4, 12), (4, 13), (4, 14), (4, 15), (4, 16), (4, 17), (4, 18), (4, 19), (4, 20), (4, 21), (4, 22), (4, 23), (4, 24), (4, 25), (4, 26), (3, 26)] 
Custo: 270 
Nos Gerados: 537 
Nos Visitados: 503 
Funcao de Custo: 1 

Dijkstra:
Inicio: (4, 0) 
Chegada: (3, 26) 
Caminho: [(4, 0), (3, 0), (3, 1), (3, 2), (3, 3), (3, 4), (3, 5), (3, 6), (3, 7), (3, 8), (3, 9), (3, 10), (3, 11), (3, 12), (3, 13), (3, 14), (3, 15), (3, 16), (3, 17), (3, 18), (3, 19), (3, 20), (3, 21), (3, 22), (3, 23), (3, 24), (3, 25), (3, 26)] 
Custo: 400 
Nos Gerados: 633 
Nos Visitados: 603 
Funcao de Custo: 2 

Dijkstra:
Inicio: (4, 0) 
Chegada: (3, 26) 
Caminho: [(4, 0), (4, 1), (3, 1), (3, 2), (3, 3), (3, 4), (3, 5), (3, 6), (3, 7), (3, 8), (3, 9), (3, 10), (3, 11), (3, 12), (3, 13), (3, 14), (3, 15), (3, 16), (3, 17), (3, 18), (3, 19), (3, 20), (3, 21), (3, 22), (3, 23), (3, 24), (3, 25), (3, 26)] 
Custo: 328 
Nos Gerados: 586 
Nos Visitados: 556 
Funcao de Custo: 3 

Dijkstra:
Inicio: (4, 0) 
Chegada: (3, 26) 
Caminho: [(4, 0), (4, 1), (3, 1), (3, 2), (3, 3), (3, 4), (3, 5), (3, 6), (3, 7), (3, 8), (3, 9), (3, 10), (3, 11), (3, 12), (3, 13), (3, 14), (3, 15), (3, 16), (3, 17), (3, 18), (3, 19), (3, 20), (3, 21), (3, 22), (3, 23), (3, 24), (3, 25), (3, 26)] 
Custo: 250 
Nos Gerados: 555 
Nos Visitados: 521 
Funcao de Custo: 4 

Dijkstra:
Inicio: (14, 1) 
Chegada: (30, 5) 
Caminho: [(14, 1), (15, 1), (16, 1), (17, 1), (18, 1), (19, 1), (20, 1), (21, 1), (22, 1), (23, 1), (24, 1), (25, 1), (26, 1), (27, 1), (28, 1), (29, 1), (29, 2), (29, 3), (29, 4), (30, 4), (30, 5)] 
Custo: 200 
Nos Gerados: 447 
Nos Visitados: 415 
Funcao de Custo: 1 

Dijkstra:
Inicio: (14, 1) 
Chegada: (30, 5) 
Caminho: [(14, 1), (15, 1), (16, 1), (17, 1), (18, 1), (19, 1), (20, 1), (21, 1), (22, 1), (23, 1), (24, 1), (25, 1), (26, 1), (27, 1), (28, 1), (29, 1), (30, 1), (30, 2), (30, 3), (30, 4), (30, 5)] 
Custo: 220 
Nos Gerados: 372 
Nos Visitados: 342 
Funcao de Custo: 2 

Dijkstra:
Inicio: (14, 1) 
Chegada: (30, 5) 
Caminho: [(14, 1), (15, 1), (16, 1), (17, 1), (18, 1), (19, 1), (20, 1), (21, 1), (22, 1), (23, 1), (24, 1), (25, 1), (26, 1), (26, 2), (27, 2), (28, 2), (28, 3), (28, 4), (29, 4), (29, 5), (30, 5)] 
Custo: 207 
Nos Gerados: 405 
Nos Visitados: 375 
Funcao de Custo: 3 

Dijkstra:
Inicio: (14, 1) 
Chegada: (30, 5) 
Caminho: [(14, 1), (14, 2), (15, 2), (16, 2), (17, 2), (18, 2), (19, 2), (20, 2), (21, 2), (22, 2), (23, 2), (24, 2), (24, 3), (24, 4), (24, 5), (25, 5), (26, 5), (27, 5), (28, 5), (29, 5), (30, 5)] 
Custo: 183 
Nos Gerados: 478 
Nos Visitados: 443 
Funcao de Custo: 4 

Dijkstra:
Inicio: (24, 30) 
Chegada: (8, 14) 
Caminho: [(24, 30), (24, 29), (24, 28), (24, 27), (24, 26), (24, 25), (24, 24), (23, 24), (22, 24), (21, 24), (20, 24), (19, 24), (18, 24), (17, 24), (17, 23), (16, 23), (16, 22), (16, 21), (16, 20), (16, 19), (15, 19), (15, 18), (15, 17), (14, 17), (13, 17), (13, 16), (13, 15), (12, 15), (11, 15), (10, 15), (10, 14), (9, 14), (8, 14)] 
Custo: 320 
Nos Gerados: 708 
Nos Visitados: 677 
Funcao de Custo: 1 

Dijkstra:
Inicio: (24, 30) 
Chegada: (8, 14) 
Caminho: [(24, 30), (23, 30), (22, 30), (21, 30), (20, 30), (19, 30), (18, 30), (17, 30), (16, 30), (15, 30), (14, 30), (13, 30), (12, 30), (11, 30), (10, 30), (9, 30), (8, 30), (8, 29), (8, 28), (8, 27), (8, 26), (8, 25), (8, 24), (8, 23), (8, 22), (8, 21), (8, 20), (8, 19), (8, 18), (8, 17), (8, 16), (8, 15), (8, 14)] 
Custo: 400 
Nos Gerados: 660 
Nos Visitados: 630 
Funcao de Custo: 2 

Dijkstra:
Inicio: (24, 30) 
Chegada: (8, 14) 
Caminho: [(24, 30), (23, 30), (22, 30), (21, 30), (20, 30), (19, 30), (18, 30), (17, 30), (16, 30), (15, 30), (14, 30), (13, 30), (12, 30), (12, 29), (11, 29), (10, 29), (9, 29), (8, 29), (8, 28), (8, 27), (8, 26), (8, 25), (8, 24), (8, 23), (8, 22), (8, 21), (8, 20), (8, 19), (8, 18), (8, 17), (8, 16), (8, 15), (8, 14)] 
Custo: 356 
Nos Gerados: 680 
Nos Visitados: 650 
Funcao de Custo: 3 

Dijkstra:
Inicio: (24, 30) 
Chegada: (8, 14) 
Caminho: [(24, 30), (24, 29), (23, 29), (22, 29), (21, 29), (20, 29), (19, 29), (19, 28), (19, 27), (19, 26), (19, 25), (19, 24), (19, 23), (19, 22), (19, 21), (19, 20), (19, 19), (18, 19), (17, 19), (16, 19), (15, 19), (14, 19), (13, 19), (13, 18), (13, 17), (13, 16), (13, 15), (13, 14), (12, 14), (11, 14), (10, 14), (9, 14), (8, 14)] 
Custo: 275 
Nos Gerados: 674 
Nos Visitados: 642 
Funcao de Custo: 4 

Dijkstra:
Inicio: (10, 26) 
Chegada: (2, 1) 
Caminho: [(10, 26), (10, 25), (10, 24), (10, 23), (10, 22), (10, 21), (10, 20), (10, 19), (10, 18), (10, 17), (10, 16), (10, 15), (10, 14), (10, 13), (10, 12), (10, 11), (10, 10), (9, 10), (8, 10), (8, 9), (7, 9), (6, 9), (6, 8), (6, 7), (5, 7), (5, 6), (5, 5), (5, 4), (4, 4), (4, 3), (4, 2), (3, 2), (3, 1), (2, 1)] 
Custo: 330 
Nos Gerados: 877 
Nos Visitados: 859 
Funcao de Custo: 1 

Dijkstra:
Inicio: (10, 26) 
Chegada: (2, 1) 
Caminho: [(10, 26), (9, 26), (8, 26), (7, 26), (6, 26), (5, 26), (4, 26), (3, 26), (2, 26), (2, 25), (2, 24), (2, 23), (2, 22), (2, 21), (2, 20), (2, 19), (2, 18), (2, 17), (2, 16), (2, 15), (2, 14), (2, 13), (2, 12), (2, 11), (2, 10), (2, 9), (2, 8), (2, 7), (2, 6), (2, 5), (2, 4), (2, 3), (2, 2), (2, 1)] 
Custo: 455 
Nos Gerados: 896 
Nos Visitados: 879 
Funcao de Custo: 2 

Dijkstra:
Inicio: (10, 26) 
Chegada: (2, 1) 
Caminho: [(10, 26), (9, 26), (8, 26), (7, 26), (6, 26), (5, 26), (4, 26), (4, 25), (3, 25), (2, 25), (2, 24), (2, 23), (2, 22), (2, 21), (2, 20), (2, 19), (2, 18), (2, 17), (2, 16), (2, 15), (2, 14), (2, 13), (2, 12), (2, 11), (2, 10), (2, 9), (2, 8), (2, 7), (2, 6), (2, 5), (2, 4), (2, 3), (2, 2), (2, 1)] 
Custo: 390 
Nos Gerados: 890 
Nos Visitados: 873 
Funcao de Custo: 3 

Dijkstra:
Inicio: (10, 26) 
Chegada: (2, 1) 
Caminho: [(10, 26), (10, 25), (9, 25), (8, 25), (7, 25), (6, 25), (5, 25), (5, 24), (5, 23), (5, 22), (5, 21), (5, 20), (5, 19), (5, 18), (5, 17), (5, 16), (5, 15), (5, 14), (4, 14), (3, 14), (2, 14), (2, 13), (2, 12), (2, 11), (2, 10), (2, 9), (2, 8), (2, 7), (2, 6), (2, 5), (2, 4), (2, 3), (2, 2), (2, 1)] 
Custo: 309 
Nos Gerados: 905 
Nos Visitados: 887 
Funcao de Custo: 4 

Dijkstra:
Inicio: (23, 24) 
Chegada: (3, 28) 
Caminho: [(23, 24), (22, 24), (21, 24), (20, 24), (19, 24), (18, 24), (17, 24), (16, 24), (15, 24), (14, 24), (13, 24), (12, 24), (11, 24), (10, 24), (9, 24), (8, 24), (7, 24), (6, 24), (5, 24), (4, 24), (3, 24), (3, 25), (3, 26), (3, 27), (3, 28)] 
Custo: 240 
Nos Gerados: 659 
Nos Visitados: 616 
Funcao de Custo: 1 

Dijkstra:
Inicio: (23, 24) 
Chegada: (3, 28) 
Caminho: [(23, 24), (22, 24), (21, 24), (20, 24), (19, 24), (18, 24), (17, 24), (16, 24), (15, 24), (14, 24), (13, 24), (12, 24), (11, 24), (10, 24), (9, 24), (8, 24), (7, 24), (6, 24), (5, 24), (4, 24), (3, 24), (3, 25), (3, 26), (3, 27), (3, 28)] 
Custo: 260 
Nos Gerados: 555 
Nos Visitados: 519 
Funcao de Custo: 2 

Dijkstra:
Inicio: (23, 24) 
Chegada: (3, 28) 
Caminho: [(23, 24), (22, 24), (21, 24), (20, 24), (19, 24), (18, 24), (17, 24), (16, 24), (15, 24), (14, 24), (13, 24), (12, 24), (11, 24), (11, 25), (11, 26), (10, 26), (9, 26), (8, 26), (7, 26), (7, 27), (6, 27), (6, 28), (5, 28), (4, 28), (3, 28)] 
Custo: 243 
Nos Gerados: 586 
Nos Visitados: 550 
Funcao de Custo: 3 

Dijkstra:
Inicio: (23, 24) 
Chegada: (3, 28) 
Caminho: [(23, 24), (23, 25), (22, 25), (21, 25), (20, 25), (19, 25), (18, 25), (17, 25), (16, 25), (15, 25), (14, 25), (14, 26), (14, 27), (14, 28), (13, 28), (12, 28), (11, 28), (10, 28), (9, 28), (8, 28), (7, 28), (6, 28), (5, 28), (4, 28), (3, 28)] 
Custo: 222 
Nos Gerados: 684 
Nos Visitados: 644 
Funcao de Custo: 4 

Dijkstra:
Inicio: (0, 29) 
Chegada: (2, 2) 
Caminho: [(0, 29), (0, 28), (0, 27), (0, 26), (0, 25), (0, 24), (0, 23), (0, 22), (0, 21), (0, 20), (0, 19), (0, 18), (0, 17), (0, 16), (0, 15), (0, 14), (0, 13), (0, 12), (0, 11), (0, 10), (0, 9), (0, 8), (0, 7), (0, 6), (0, 5), (0, 4), (0, 3), (0, 2), (1, 2), (2, 2)] 
Custo: 290 
Nos Gerados: 506 
Nos Visitados: 473 
Funcao de Custo: 1 

Dijkstra:
Inicio: (0, 29) 
Chegada: (2, 2) 
Caminho: [(0, 29), (1, 29), (2, 29), (2, 28), (2, 27), (2, 26), (2, 25), (2, 24), (2, 23), (2, 22), (2, 21), (2, 20), (2, 19), (2, 18), (2, 17), (2, 16), (2, 15), (2, 14), (2, 13), (2, 12), (2, 11), (2, 10), (2, 9), (2, 8), (2, 7), (2, 6), (2, 5), (2, 4), (2, 3), (2, 2)] 
Custo: 425 
Nos Gerados: 642 
Nos Visitados: 612 
Funcao de Custo: 2 

Dijkstra:
Inicio: (0, 29) 
Chegada: (2, 2) 
Caminho: [(0, 29), (1, 29), (2, 29), (2, 28), (2, 27), (2, 26), (2, 25), (2, 24), (2, 23), (2, 22), (2, 21), (2, 20), (2, 19), (2, 18), (2, 17), (2, 16), (2, 15), (2, 14), (2, 13), (2, 12), (2, 11), (2, 10), (2, 9), (2, 8), (2, 7), (2, 6), (2, 5), (2, 4), (2, 3), (2, 2)] 
Custo: 355 
Nos Gerados: 606 
Nos Visitados: 576 
Funcao de Custo: 3 

Dijkstra:
Inicio: (0, 29) 
Chegada: (2, 2) 
Caminho: [(0, 29), (0, 28), (1, 28), (2, 28), (2, 27), (2, 26), (2, 25), (2, 24), (2, 23), (2, 22), (2, 21), (2, 20), (2, 19), (2, 18), (2, 17), (2, 16), (2, 15), (2, 14), (2, 13), (2, 12), (2, 11), (2, 10), (2, 9), (2, 8), (2, 7), (2, 6), (2, 5), (2, 4), (2, 3), (2, 2)] 
Custo: 267 
Nos Gerados: 528 
Nos Visitados: 494 
Funcao de Custo: 4 

Dijkstra:
Inicio: (7, 8) 
Chegada: (15, 22) 
Caminho: [(7, 8), (8, 8), (9, 8), (10, 8), (10, 9), (10, 10), (11, 10), (11, 11), (11, 12), (11, 13), (11, 14), (12, 14), (12, 15), (12, 16), (13, 16), (13, 17), (13, 18), (14, 18), (14, 19), (14, 20), (14, 21), (14, 22), (15, 22)] 
Custo: 220 
Nos Gerados: 642 
Nos Visitados: 596 
Funcao de Custo: 1 

Dijkstra:
Inicio: (7, 8) 
Chegada: (15, 22) 
Caminho: [(7, 8), (8, 8), (9, 8), (10, 8), (11, 8), (12, 8), (13, 8), (14, 8), (15, 8), (15, 9), (15, 10), (15, 11), (15, 12), (15, 13), (15, 14), (15, 15), (15, 16), (15, 17), (15, 18), (15, 19), (15, 20), (15, 21), (15, 22)] 
Custo: 290 
Nos Gerados: 678 
Nos Visitados: 642 
Funcao de Custo: 2 

Dijkstra:
Inicio: (7, 8) 
Chegada: (15, 22) 
Caminho: [(7, 8), (8, 8), (9, 8), (10, 8), (11, 8), (12, 8), (13, 8), (13, 9), (13, 10), (13, 11), (14, 11), (15, 11), (15, 12), (15, 13), (15, 14), (15, 15), (15, 16), (15, 17), (15, 18), (15, 19), (15, 20), (15, 21), (15, 22)] 
Custo: 249 
Nos Gerados: 659 
Nos Visitados: 620 
Funcao de Custo: 3 

Dijkstra:
Inicio: (7, 8) 
Chegada: (15, 22) 
Caminho: [(7, 8), (7, 9), (8, 9), (9, 9), (10, 9), (11, 9), (12, 9), (12, 10), (12, 11), (12, 12), (12, 13), (12, 14), (12, 15), (12, 16), (12, 17), (12, 18), (12, 19), (12, 20), (13, 20), (14, 20), (14, 21), (15, 21), (15, 22)] 
Custo: 198 
Nos Gerados: 617 
Nos Visitados: 577 
Funcao de Custo: 4 

Dijkstra:
Inicio: (30, 12) 
Chegada: (14, 26) 
Caminho: [(30, 12), (30, 13), (29, 13), (29, 14), (28, 14), (27, 14), (27, 15), (26, 15), (26, 16), (26, 17), (26, 18), (26, 19), (25, 19), (24, 19), (24, 20), (23, 20), (22, 20), (21, 20), (20, 20), (20, 21), (20, 22), (19, 22), (19, 23), (18, 23), (17, 23), (17, 24), (16, 24), (16, 25), (15, 25), (14, 25), (14, 26)] 
Custo: 300 
Nos Gerados: 723 
Nos Visitados: 690 
Funcao de Custo: 1 

Dijkstra:
Inicio: (30, 12) 
Chegada: (14, 26) 
Caminho: [(30, 12), (29, 12), (28, 12), (27, 12), (26, 12), (25, 12), (24, 12), (23, 12), (22, 12), (21, 12), (20, 12), (19, 12), (18, 12), (17, 12), (16, 12), (15, 12), (14, 12), (14, 13), (14, 14), (14, 15), (14, 16), (14, 17), (14, 18), (14, 19), (14, 20), (14, 21), (14, 22), (14, 23), (14, 24), (14, 25), (14, 26)] 
Custo: 370 
Nos Gerados: 792 
Nos Visitados: 761 
Funcao de Custo: 2 

Dijkstra:
Inicio: (30, 12) 
Chegada: (14, 26) 
Caminho: [(30, 12), (29, 12), (28, 12), (27, 12), (26, 12), (25, 12), (24, 12), (24, 13), (24, 14), (24, 15), (23, 15), (22, 15), (21, 15), (21, 16), (21, 17), (20, 17), (19, 17), (18, 17), (17, 17), (17, 18), (16, 18), (16, 19), (16, 20), (16, 21), (15, 21), (15, 22), (15, 23), (14, 23), (14, 24), (14, 25), (14, 26)] 
Custo: 326 
Nos Gerados: 769 
Nos Visitados: 738 
Funcao de Custo: 3 

Dijkstra:
Inicio: (30, 12) 
Chegada: (14, 26) 
Caminho: [(30, 12), (30, 13), (29, 13), (28, 13), (27, 13), (26, 13), (25, 13), (25, 14), (25, 15), (25, 16), (25, 17), (25, 18), (25, 19), (25, 20), (25, 21), (25, 22), (25, 23), (24, 23), (23, 23), (22, 23), (21, 23), (20, 23), (19, 23), (19, 24), (19, 25), (19, 26), (18, 26), (17, 26), (16, 26), (15, 26), (14, 26)] 
Custo: 258 
Nos Gerados: 679 
Nos Visitados: 649 
Funcao de Custo: 4 

Dijkstra:
Inicio: (21, 4) 
Chegada: (30, 3) 
Caminho: [(21, 4), (22, 4), (23, 4), (24, 4), (25, 4), (26, 4), (27, 4), (28, 4), (29, 4), (30, 4), (30, 3)] 
Custo: 100 
Nos Gerados: 187 
Nos Visitados: 158 
Funcao de Custo: 1 

Dijkstra:
Inicio: (21, 4) 
Chegada: (30, 3) 
Caminho: [(21, 4), (22, 4), (23, 4), (24, 4), (25, 4), (26, 4), (27, 4), (28, 4), (29, 4), (30, 4), (30, 3)] 
Custo: 105 
Nos Gerados: 164 
Nos Visitados: 133 
Funcao de Custo: 2 

Dijkstra:
Inicio: (21, 4) 
Chegada: (30, 3) 
Caminho: [(21, 4), (22, 4), (23, 4), (24, 4), (25, 4), (26, 4), (27, 4), (28, 4), (29, 4), (30, 4), (30, 3)] 
Custo: 103 
Nos Gerados: 186 
Nos Visitados: 156 
Funcao de Custo: 3 

Dijkstra:
Inicio: (21, 4) 
Chegada: (30, 3) 
Caminho: [(21, 4), (21, 3), (22, 3), (23, 3), (24, 3), (25, 3), (26, 3), (27, 3), (28, 3), (29, 3), (30, 3)] 
Custo: 95 
Nos Gerados: 206 
Nos Visitados: 175 
Funcao de Custo: 4 

Dijkstra:
Inicio: (7, 6) 
Chegada: (17, 0) 
Caminho: [(7, 6), (8, 6), (9, 6), (10, 6), (11, 6), (12, 6), (13, 6), (13, 5), (13, 4), (14, 4), (14, 3), (15, 3), (15, 2), (15, 1), (16, 1), (16, 0), (17, 0)] 
Custo: 160 
Nos Gerados: 398 
Nos Visitados: 365 
Funcao de Custo: 1 

Dijkstra:
Inicio: (7, 6) 
Chegada: (17, 0) 
Caminho: [(7, 6), (8, 6), (9, 6), (10, 6), (11, 6), (12, 6), (13, 6), (14, 6), (15, 6), (16, 6), (17, 6), (17, 5), (17, 4), (17, 3), (17, 2), (17, 1), (17, 0)] 
Custo: 190 
Nos Gerados: 380 
Nos Visitados: 343 
Funcao de Custo: 2 

Dijkstra:
Inicio: (7, 6) 
Chegada: (17, 0) 
Caminho: [(7, 6), (8, 6), (9, 6), (10, 6), (11, 6), (12, 6), (13, 6), (14, 6), (15, 6), (16, 6), (17, 6), (17, 5), (17, 4), (17, 3), (17, 2), (17, 1), (17, 0)] 
Custo: 175 
Nos Gerados: 385 
Nos Visitados: 352 
Funcao de Custo: 3 

Dijkstra:
Inicio: (7, 6) 
Chegada: (17, 0) 
Caminho: [(7, 6), (7, 5), (8, 5), (9, 5), (10, 5), (11, 5), (12, 5), (13, 5), (13, 4), (14, 4), (14, 3), (14, 2), (14, 1), (14, 0), (15, 0), (16, 0), (17, 0)] 
Custo: 138 
Nos Gerados: 375 
Nos Visitados: 345 
Funcao de Custo: 4 

Dijkstra:
Inicio: (25, 2) 
Chegada: (3, 1) 
Caminho: [(25, 2), (24, 2), (23, 2), (22, 2), (21, 2), (20, 2), (19, 2), (18, 2), (17, 2), (16, 2), (15, 2), (14, 2), (13, 2), (12, 2), (11, 2), (10, 2), (9, 2), (8, 2), (7, 2), (6, 2), (5, 2), (4, 2), (3, 2), (3, 1)] 
Custo: 230 
Nos Gerados: 460 
Nos Visitados: 430 
Funcao de Custo: 1 

Dijkstra:
Inicio: (25, 2) 
Chegada: (3, 1) 
Caminho: [(25, 2), (24, 2), (23, 2), (22, 2), (21, 2), (20, 2), (19, 2), (18, 2), (17, 2), (16, 2), (15, 2), (14, 2), (13, 2), (12, 2), (11, 2), (10, 2), (9, 2), (8, 2), (7, 2), (6, 2), (5, 2), (4, 2), (3, 2), (3, 1)] 
Custo: 235 
Nos Gerados: 360 
Nos Visitados: 328 
Funcao de Custo: 2 

Dijkstra:
Inicio: (25, 2) 
Chegada: (3, 1) 
Caminho: [(25, 2), (24, 2), (23, 2), (22, 2), (21, 2), (20, 2), (19, 2), (18, 2), (17, 2), (16, 2), (15, 2), (14, 2), (13, 2), (12, 2), (11, 2), (10, 2), (9, 2), (8, 2), (7, 2), (6, 2), (5, 2), (4, 2), (3, 2), (3, 1)] 
Custo: 234 
Nos Gerados: 420 
Nos Visitados: 387 
Funcao de Custo: 3 

Dijkstra:
Inicio: (25, 2) 
Chegada: (3, 1) 
Caminho: [(25, 2), (25, 1), (24, 1), (23, 1), (22, 1), (21, 1), (20, 1), (19, 1), (18, 1), (17, 1), (16, 1), (15, 1), (14, 1), (13, 1), (12, 1), (11, 1), (10, 1), (9, 1), (8, 1), (7, 1), (6, 1), (5, 1), (4, 1), (3, 1)] 
Custo: 225 
Nos Gerados: 540 
Nos Visitados: 506 
Funcao de Custo: 4 

Dijkstra:
Inicio: (13, 1) 
Chegada: (27, 19) 
Caminho: [(13, 1), (13, 2), (13, 3), (13, 4), (13, 5), (13, 6), (13, 7), (13, 8), (13, 9), (13, 10), (13, 11), (13, 12), (13, 13), (13, 14), (13, 15), (13, 16), (14, 16), (15, 16), (15, 17), (15, 18), (16, 18), (17, 18), (18, 18), (19, 18), (20, 18), (21, 18), (22, 18), (23, 18), (24, 18), (25, 18), (26, 18), (27, 18), (27, 19)] 
Custo: 320 
Nos Gerados: 810 
Nos Visitados: 783 
Funcao de Custo: 1 

Dijkstra:
Inicio: (13, 1) 
Chegada: (27, 19) 
Caminho: [(13, 1), (14, 1), (15, 1), (16, 1), (17, 1), (18, 1), (19, 1), (20, 1), (21, 1), (22, 1), (23, 1), (24, 1), (25, 1), (26, 1), (27, 1), (27, 2), (27, 3), (27, 4), (27, 5), (27, 6), (27, 7), (27, 8), (27, 9), (27, 10), (27, 11), (27, 12), (27, 13), (27, 14), (27, 15), (27, 16), (27, 17), (27, 18), (27, 19)] 
Custo: 410 
Nos Gerados: 758 
Nos Visitados: 728 
Funcao de Custo: 2 

Dijkstra:
Inicio: (13, 1) 
Chegada: (27, 19) 
Caminho: [(13, 1), (14, 1), (15, 1), (16, 1), (17, 1), (18, 1), (19, 1), (20, 1), (21, 1), (22, 1), (23, 1), (24, 1), (25, 1), (25, 2), (26, 2), (27, 2), (27, 3), (27, 4), (27, 5), (27, 6), (27, 7), (27, 8), (27, 9), (27, 10), (27, 11), (27, 12), (27, 13), (27, 14), (27, 15), (27, 16), (27, 17), (27, 18), (27, 19)] 
Custo: 363 
Nos Gerados: 789 
Nos Visitados: 760 
Funcao de Custo: 3 

Dijkstra:
Inicio: (13, 1) 
Chegada: (27, 19) 
Caminho: [(13, 1), (13, 2), (14, 2), (15, 2), (16, 2), (17, 2), (18, 2), (18, 3), (18, 4), (18, 5), (18, 6), (18, 7), (18, 8), (18, 9), (18, 10), (18, 11), (18, 12), (19, 12), (20, 12), (21, 12), (22, 12), (23, 12), (24, 12), (24, 13), (24, 14), (24, 15), (24, 16), (24, 17), (24, 18), (24, 19), (25, 19), (26, 19), (27, 19)] 
Custo: 276 
Nos Gerados: 788 
Nos Visitados: 758 
Funcao de Custo: 4 

Dijkstra:
Inicio: (10, 11) 
Chegada: (1, 6) 
Caminho: [(10, 11), (9, 11), (8, 11), (7, 11), (6, 11), (6, 10), (5, 10), (5, 9), (4, 9), (4, 8), (4, 7), (4, 6), (3, 6), (2, 6), (1, 6)] 
Custo: 140 
Nos Gerados: 437 
Nos Visitados: 389 
Funcao de Custo: 1 

Dijkstra:
Inicio: (10, 11) 
Chegada: (1, 6) 
Caminho: [(10, 11), (9, 11), (8, 11), (7, 11), (6, 11), (5, 11), (4, 11), (3, 11), (2, 11), (1, 11), (1, 10), (1, 9), (1, 8), (1, 7), (1, 6)] 
Custo: 165 
Nos Gerados: 396 
Nos Visitados: 343 
Funcao de Custo: 2 

Dijkstra:
Inicio: (10, 11) 
Chegada: (1, 6) 
Caminho: [(10, 11), (9, 11), (8, 11), (7, 11), (6, 11), (5, 11), (4, 11), (4, 10), (3, 10), (3, 9), (2, 9), (1, 9), (1, 8), (1, 7), (1, 6)] 
Custo: 148 
Nos Gerados: 398 
Nos Visitados: 351 
Funcao de Custo: 3 

Dijkstra:
Inicio: (10, 11) 
Chegada: (1, 6) 
Caminho: [(10, 11), (10, 10), (9, 10), (8, 10), (7, 10), (6, 10), (5, 10), (4, 10), (4, 9), (3, 9), (3, 8), (3, 7), (3, 6), (2, 6), (1, 6)] 
Custo: 122 
Nos Gerados: 433 
Nos Visitados: 383 
Funcao de Custo: 4 

Dijkstra:
Inicio: (21, 19) 
Chegada: (16, 7) 
Caminho: [(21, 19), (21, 18), (21, 17), (21, 16), (21, 15), (21, 14), (21, 13), (21, 12), (21, 11), (20, 11), (20, 10), (20, 9), (19, 9), (19, 8), (18, 8), (17, 8), (17, 7), (16, 7)] 
Custo: 170 
Nos Gerados: 521 
Nos Visitados: 477 
Funcao de Custo: 1 

Dijkstra:
Inicio: (21, 19) 
Chegada: (16, 7) 
Caminho: [(21, 19), (20, 19), (19, 19), (18, 19), (17, 19), (16, 19), (16, 18), (16, 17), (16, 16), (16, 15), (16, 14), (16, 13), (16, 12), (16, 11), (16, 10), (16, 9), (16, 8), (16, 7)] 
Custo: 230 
Nos Gerados: 605 
Nos Visitados: 557 
Funcao de Custo: 2 

Dijkstra:
Inicio: (21, 19) 
Chegada: (16, 7) 
Caminho: [(21, 19), (20, 19), (19, 19), (18, 19), (17, 19), (16, 19), (16, 18), (16, 17), (16, 16), (16, 15), (16, 14), (16, 13), (16, 12), (16, 11), (16, 10), (16, 9), (16, 8), (16, 7)] 
Custo: 196 
Nos Gerados: 574 
Nos Visitados: 527 
Funcao de Custo: 3 

Dijkstra:
Inicio: (21, 19) 
Chegada: (16, 7) 
Caminho: [(21, 19), (21, 18), (20, 18), (19, 18), (18, 18), (17, 18), (16, 18), (16, 17), (16, 16), (16, 15), (16, 14), (16, 13), (16, 12), (16, 11), (16, 10), (16, 9), (16, 8), (16, 7)] 
Custo: 140 
Nos Gerados: 498 
Nos Visitados: 456 
Funcao de Custo: 4 

Dijkstra:
Inicio: (24, 17) 
Chegada: (10, 11) 
Caminho: [(24, 17), (23, 17), (22, 17), (21, 17), (20, 17), (19, 17), (18, 17), (17, 17), (16, 17), (15, 17), (14, 17), (13, 17), (12, 17), (12, 16), (12, 15), (12, 14), (12, 13), (11, 13), (11, 12), (11, 11), (10, 11)] 
Custo: 200 
Nos Gerados: 597 
Nos Visitados: 558 
Funcao de Custo: 1 

Dijkstra:
Inicio: (24, 17) 
Chegada: (10, 11) 
Caminho: [(24, 17), (23, 17), (22, 17), (21, 17), (20, 17), (19, 17), (18, 17), (17, 17), (16, 17), (15, 17), (14, 17), (13, 17), (12, 17), (11, 17), (10, 17), (10, 16), (10, 15), (10, 14), (10, 13), (10, 12), (10, 11)] 
Custo: 230 
Nos Gerados: 565 
Nos Visitados: 514 
Funcao de Custo: 2 

Dijkstra:
Inicio: (24, 17) 
Chegada: (10, 11) 
Caminho: [(24, 17), (23, 17), (22, 17), (21, 17), (20, 17), (19, 17), (18, 17), (17, 17), (16, 17), (15, 17), (14, 17), (13, 17), (12, 17), (12, 16), (11, 16), (11, 15), (11, 14), (10, 14), (10, 13), (10, 12), (10, 11)] 
Custo: 211 
Nos Gerados: 583 
Nos Visitados: 538 
Funcao de Custo: 3 

Dijkstra:
Inicio: (24, 17) 
Chegada: (10, 11) 
Caminho: [(24, 17), (24, 16), (23, 16), (22, 16), (21, 16), (20, 16), (19, 16), (18, 16), (18, 15), (17, 15), (16, 15), (15, 15), (15, 14), (15, 13), (15, 12), (15, 11), (14, 11), (13, 11), (12, 11), (11, 11), (10, 11)] 
Custo: 180 
Nos Gerados: 608 
Nos Visitados: 572 
Funcao de Custo: 4 

Dijkstra:
Inicio: (22, 12) 
Chegada: (27, 8) 
Caminho: [(22, 12), (23, 12), (23, 11), (24, 11), (24, 10), (25, 10), (25, 9), (25, 8), (26, 8), (27, 8)] 
Custo: 90 
Nos Gerados: 188 
Nos Visitados: 150 
Funcao de Custo: 1 

Dijkstra:
Inicio: (22, 12) 
Chegada: (27, 8) 
Caminho: [(22, 12), (23, 12), (24, 12), (25, 12), (26, 12), (27, 12), (27, 11), (27, 10), (27, 9), (27, 8)] 
Custo: 110 
Nos Gerados: 191 
Nos Visitados: 153 
Funcao de Custo: 2 

Dijkstra:
Inicio: (22, 12) 
Chegada: (27, 8) 
Caminho: [(22, 12), (23, 12), (24, 12), (25, 12), (26, 12), (27, 12), (27, 11), (27, 10), (27, 9), (27, 8)] 
Custo: 94 
Nos Gerados: 192 
Nos Visitados: 156 
Funcao de Custo: 3 

Dijkstra:
Inicio: (22, 12) 
Chegada: (27, 8) 
Caminho: [(22, 12), (22, 11), (23, 11), (24, 11), (25, 11), (26, 11), (27, 11), (27, 10), (27, 9), (27, 8)] 
Custo: 82 
Nos Gerados: 174 
Nos Visitados: 140 
Funcao de Custo: 4 

Dijkstra:
Inicio: (19, 17) 
Chegada: (5, 26) 
Caminho: [(19, 17), (18, 17), (17, 17), (16, 17), (15, 17), (14, 17), (13, 17), (13, 18), (12, 18), (11, 18), (10, 18), (9, 18), (8, 18), (8, 19), (7, 19), (7, 20), (6, 20), (6, 21), (6, 22), (5, 22), (5, 23), (5, 24), (5, 25), (5, 26)] 
Custo: 230 
Nos Gerados: 828 
Nos Visitados: 794 
Funcao de Custo: 1 

Dijkstra:
Inicio: (19, 17) 
Chegada: (5, 26) 
Caminho: [(19, 17), (18, 17), (17, 17), (16, 17), (15, 17), (14, 17), (13, 17), (12, 17), (11, 17), (10, 17), (9, 17), (8, 17), (7, 17), (6, 17), (5, 17), (5, 18), (5, 19), (5, 20), (5, 21), (5, 22), (5, 23), (5, 24), (5, 25), (5, 26)] 
Custo: 275 
Nos Gerados: 798 
Nos Visitados: 758 
Funcao de Custo: 2 

Dijkstra:
Inicio: (19, 17) 
Chegada: (5, 26) 
Caminho: [(19, 17), (18, 17), (17, 17), (16, 17), (15, 17), (14, 17), (13, 17), (13, 18), (13, 19), (12, 19), (11, 19), (10, 19), (9, 19), (9, 20), (9, 21), (8, 21), (7, 21), (6, 21), (5, 21), (5, 22), (5, 23), (5, 24), (5, 25), (5, 26)] 
Custo: 242 
Nos Gerados: 800 
Nos Visitados: 763 
Funcao de Custo: 3 

Dijkstra:
Inicio: (19, 17) 
Chegada: (5, 26) 
Caminho: [(19, 17), (19, 18), (18, 18), (17, 18), (16, 18), (15, 18), (14, 18), (14, 19), (14, 20), (14, 21), (14, 22), (14, 23), (14, 24), (14, 25), (14, 26), (13, 26), (12, 26), (11, 26), (10, 26), (9, 26), (8, 26), (7, 26), (6, 26), (5, 26)] 
Custo: 203 
Nos Gerados: 834 
Nos Visitados: 795 
Funcao de Custo: 4 

Dijkstra:
Inicio: (15, 5) 
Chegada: (11, 20) 
Caminho: [(15, 5), (15, 6), (15, 7), (15, 8), (15, 9), (15, 10), (15, 11), (15, 12), (15, 13), (15, 14), (15, 15), (15, 16), (15, 17), (15, 18), (15, 19), (14, 19), (13, 19), (12, 19), (11, 19), (11, 20)] 
Custo: 190 
Nos Gerados: 561 
Nos Visitados: 518 
Funcao de Custo: 1 

Dijkstra:
Inicio: (15, 5) 
Chegada: (11, 20) 
Caminho: [(15, 5), (14, 5), (13, 5), (12, 5), (11, 5), (11, 6), (11, 7), (11, 8), (11, 9), (11, 10), (11, 11), (11, 12), (11, 13), (11, 14), (11, 15), (11, 16), (11, 17), (11, 18), (11, 19), (11, 20)] 
Custo: 265 
Nos Gerados: 593 
Nos Visitados: 563 
Funcao de Custo: 2 

Dijkstra:
Inicio: (15, 5) 
Chegada: (11, 20) 
Caminho: [(15, 5), (14, 5), (13, 5), (12, 5), (11, 5), (11, 6), (11, 7), (11, 8), (11, 9), (11, 10), (11, 11), (11, 12), (11, 13), (11, 14), (11, 15), (11, 16), (11, 17), (11, 18), (11, 19), (11, 20)] 
Custo: 223 
Nos Gerados: 576 
Nos Visitados: 546 
Funcao de Custo: 3 

Dijkstra:
Inicio: (15, 5) 
Chegada: (11, 20) 
Caminho: [(15, 5), (15, 6), (14, 6), (13, 6), (12, 6), (11, 6), (11, 7), (11, 8), (11, 9), (11, 10), (11, 11), (11, 12), (11, 13), (11, 14), (11, 15), (11, 16), (11, 17), (11, 18), (11, 19), (11, 20)] 
Custo: 164 
Nos Gerados: 546 
Nos Visitados: 504 
Funcao de Custo: 4 

Dijkstra:
Inicio: (17, 22) 
Chegada: (12, 9) 
Caminho: [(17, 22), (17, 21), (17, 20), (17, 19), (17, 18), (17, 17), (17, 16), (16, 16), (16, 15), (15, 15), (15, 14), (15, 13), (15, 12), (15, 11), (14, 11), (13, 11), (13, 10), (13, 9), (12, 9)] 
Custo: 180 
Nos Gerados: 599 
Nos Visitados: 555 
Funcao de Custo: 1 

Dijkstra:
Inicio: (17, 22) 
Chegada: (12, 9) 
Caminho: [(17, 22), (16, 22), (15, 22), (14, 22), (13, 22), (12, 22), (12, 21), (12, 20), (12, 19), (12, 18), (12, 17), (12, 16), (12, 15), (12, 14), (12, 13), (12, 12), (12, 11), (12, 10), (12, 9)] 
Custo: 245 
Nos Gerados: 626 
Nos Visitados: 590 
Funcao de Custo: 2 

Dijkstra:
Inicio: (17, 22) 
Chegada: (12, 9) 
Caminho: [(17, 22), (16, 22), (15, 22), (14, 22), (13, 22), (12, 22), (12, 21), (12, 20), (12, 19), (12, 18), (12, 17), (12, 16), (12, 15), (12, 14), (12, 13), (12, 12), (12, 11), (12, 10), (12, 9)] 
Custo: 211 
Nos Gerados: 619 
Nos Visitados: 581 
Funcao de Custo: 3 

Dijkstra:
Inicio: (17, 22) 
Chegada: (12, 9) 
Caminho: [(17, 22), (17, 21), (16, 21), (15, 21), (14, 21), (13, 21), (12, 21), (12, 20), (12, 19), (12, 18), (12, 17), (12, 16), (12, 15), (12, 14), (12, 13), (12, 12), (12, 11), (12, 10), (12, 9)] 
Custo: 151 
Nos Gerados: 549 
Nos Visitados: 500 
Funcao de Custo: 4 

Dijkstra:
Inicio: (6, 0) 
Chegada: (0, 3) 
Caminho: [(6, 0), (5, 0), (4, 0), (4, 1), (3, 1), (2, 1), (1, 1), (0, 1), (0, 2), (0, 3)] 
Custo: 90 
Nos Gerados: 105 
Nos Visitados: 87 
Funcao de Custo: 1 

Dijkstra:
Inicio: (6, 0) 
Chegada: (0, 3) 
Caminho: [(6, 0), (5, 0), (4, 0), (3, 0), (2, 0), (1, 0), (0, 0), (0, 1), (0, 2), (0, 3)] 
Custo: 105 
Nos Gerados: 94 
Nos Visitados: 77 
Funcao de Custo: 2 

Dijkstra:
Inicio: (6, 0) 
Chegada: (0, 3) 
Caminho: [(6, 0), (5, 0), (4, 0), (3, 0), (2, 0), (1, 0), (0, 0), (0, 1), (0, 2), (0, 3)] 
Custo: 93 
Nos Gerados: 98 
Nos Visitados: 82 
Funcao de Custo: 3 

Dijkstra:
Inicio: (6, 0) 
Chegada: (0, 3) 
Caminho: [(6, 0), (6, 1), (5, 1), (4, 1), (3, 1), (2, 1), (1, 1), (1, 2), (1, 3), (0, 3)] 
Custo: 84 
Nos Gerados: 97 
Nos Visitados: 80 
Funcao de Custo: 4 

Dijkstra:
Inicio: (28, 3) 
Chegada: (4, 25) 
Caminho: [(28, 3), (27, 3), (26, 3), (25, 3), (24, 3), (23, 3), (22, 3), (21, 3), (20, 3), (19, 3), (18, 3), (17, 3), (16, 3), (16, 4), (16, 5), (16, 6), (16, 7), (16, 8), (15, 8), (14, 8), (14, 9), (13, 9), (13, 10), (13, 11), (13, 12), (13, 13), (13, 14), (13, 15), (13, 16), (13, 17), (13, 18), (13, 19), (12, 19), (11, 19), (10, 19), (9, 19), (9, 20), (8, 20), (7, 20), (6, 20), (6, 21), (6, 22), (6, 23), (5, 23), (5, 24), (4, 24), (4, 25)] 
Custo: 460 
Nos Gerados: 917 
Nos Visitados: 908 
Funcao de Custo: 1 

Dijkstra:
Inicio: (28, 3) 
Chegada: (4, 25) 
Caminho: [(28, 3), (27, 3), (26, 3), (25, 3), (24, 3), (23, 3), (22, 3), (21, 3), (20, 3), (19, 3), (18, 3), (17, 3), (16, 3), (15, 3), (14, 3), (13, 3), (12, 3), (11, 3), (10, 3), (9, 3), (8, 3), (7, 3), (6, 3), (5, 3), (4, 3), (4, 4), (4, 5), (4, 6), (4, 7), (4, 8), (4, 9), (4, 10), (4, 11), (4, 12), (4, 13), (4, 14), (4, 15), (4, 16), (4, 17), (4, 18), (4, 19), (4, 20), (4, 21), (4, 22), (4, 23), (4, 24), (4, 25)] 
Custo: 570 
Nos Gerados: 918 
Nos Visitados: 907 
Funcao de Custo: 2 

Dijkstra:
Inicio: (28, 3) 
Chegada: (4, 25) 
Caminho: [(28, 3), (27, 3), (26, 3), (25, 3), (24, 3), (23, 3), (22, 3), (21, 3), (20, 3), (19, 3), (18, 3), (17, 3), (16, 3), (15, 3), (14, 3), (13, 3), (12, 3), (11, 3), (10, 3), (10, 4), (10, 5), (10, 6), (9, 6), (8, 6), (7, 6), (7, 7), (7, 8), (6, 8), (5, 8), (4, 8), (4, 9), (4, 10), (4, 11), (4, 12), (4, 13), (4, 14), (4, 15), (4, 16), (4, 17), (4, 18), (4, 19), (4, 20), (4, 21), (4, 22), (4, 23), (4, 24), (4, 25)] 
Custo: 505 
Nos Gerados: 918 
Nos Visitados: 908 
Funcao de Custo: 3 

Dijkstra:
Inicio: (28, 3) 
Chegada: (4, 25) 
Caminho: [(28, 3), (28, 4), (27, 4), (26, 4), (25, 4), (24, 4), (23, 4), (23, 5), (23, 6), (23, 7), (23, 8), (23, 9), (23, 10), (23, 11), (23, 12), (23, 13), (23, 14), (22, 14), (21, 14), (20, 14), (19, 14), (18, 14), (17, 14), (17, 15), (17, 16), (17, 17), (17, 18), (17, 19), (16, 19), (15, 19), (14, 19), (13, 19), (12, 19), (11, 19), (11, 20), (11, 21), (11, 22), (11, 23), (11, 24), (10, 24), (9, 24), (8, 24), (7, 24), (6, 24), (5, 24), (5, 25), (4, 25)] 
Custo: 395 
Nos Gerados: 919 
Nos Visitados: 908 
Funcao de Custo: 4 

Dijkstra:
Inicio: (21, 1) 
Chegada: (27, 17) 
Caminho: [(21, 1), (21, 2), (21, 3), (21, 4), (21, 5), (21, 6), (21, 7), (21, 8), (21, 9), (21, 10), (22, 10), (23, 10), (24, 10), (24, 11), (24, 12), (25, 12), (26, 12), (27, 12), (27, 13), (27, 14), (27, 15), (27, 16), (27, 17)] 
Custo: 220 
Nos Gerados: 490 
Nos Visitados: 452 
Funcao de Custo: 1 

Dijkstra:
Inicio: (21, 1) 
Chegada: (27, 17) 
Caminho: [(21, 1), (22, 1), (23, 1), (24, 1), (25, 1), (26, 1), (27, 1), (27, 2), (27, 3), (27, 4), (27, 5), (27, 6), (27, 7), (27, 8), (27, 9), (27, 10), (27, 11), (27, 12), (27, 13), (27, 14), (27, 15), (27, 16), (27, 17)] 
Custo: 300 
Nos Gerados: 515 
Nos Visitados: 485 
Funcao de Custo: 2 

Dijkstra:
Inicio: (21, 1) 
Chegada: (27, 17) 
Caminho: [(21, 1), (22, 1), (23, 1), (24, 1), (25, 1), (26, 1), (27, 1), (27, 2), (27, 3), (27, 4), (27, 5), (27, 6), (27, 7), (27, 8), (27, 9), (27, 10), (27, 11), (27, 12), (27, 13), (27, 14), (27, 15), (27, 16), (27, 17)] 
Custo: 256 
Nos Gerados: 505 
Nos Visitados: 474 
Funcao de Custo: 3 

Dijkstra:
Inicio: (21, 1) 
Chegada: (27, 17) 
Caminho: [(21, 1), (21, 2), (22, 2), (23, 2), (24, 2), (25, 2), (26, 2), (26, 3), (26, 4), (26, 5), (26, 6), (26, 7), (26, 8), (26, 9), (26, 10), (26, 11), (26, 12), (26, 13), (26, 14), (26, 15), (27, 15), (27, 16), (27, 17)] 
Custo: 202 
Nos Gerados: 486 
Nos Visitados: 449 
Funcao de Custo: 4 

Dijkstra:
Inicio: (4, 29) 
Chegada: (30, 3) 
Caminho: [(4, 29), (4, 28), (4, 27), (4, 26), (4, 25), (4, 24), (4, 23), (5, 23), (6, 23), (7, 23), (8, 23), (9, 23), (9, 22), (9, 21), (9, 20), (9, 19), (9, 18), (10, 18), (10, 17), (10, 16), (11, 16), (12, 16), (13, 16), (13, 15), (13, 14), (13, 13), (13, 12), (13, 11), (13, 10), (14, 10), (15, 10), (16, 10), (16, 9), (17, 9), (17, 8), (18, 8), (19, 8), (20, 8), (20, 7), (21, 7), (21, 6), (21, 5), (22, 5), (23, 5), (24, 5), (25, 5), (26, 5), (27, 5), (28, 5), (29, 5), (29, 4), (29, 3), (30, 3)] 
Custo: 520 
Nos Gerados: 958 
Nos Visitados: 954 
Funcao de Custo: 1 

Dijkstra:
Inicio: (4, 29) 
Chegada: (30, 3) 
Caminho: [(4, 29), (5, 29), (6, 29), (7, 29), (8, 29), (9, 29), (10, 29), (11, 29), (12, 29), (13, 29), (14, 29), (15, 29), (16, 29), (17, 29), (18, 29), (19, 29), (20, 29), (21, 29), (22, 29), (23, 29), (24, 29), (25, 29), (26, 29), (27, 29), (28, 29), (29, 29), (30, 29), (30, 28), (30, 27), (30, 26), (30, 25), (30, 24), (30, 23), (30, 22), (30, 21), (30, 20), (30, 19), (30, 18), (30, 17), (30, 16), (30, 15), (30, 14), (30, 13), (30, 12), (30, 11), (30, 10), (30, 9), (30, 8), (30, 7), (30, 6), (30, 5), (30, 4), (30, 3)] 
Custo: 650 
Nos Gerados: 954 
Nos Visitados: 950 
Funcao de Custo: 2 

Dijkstra:
Inicio: (4, 29) 
Chegada: (30, 3) 
Caminho: [(4, 29), (5, 29), (6, 29), (7, 29), (8, 29), (9, 29), (10, 29), (11, 29), (12, 29), (13, 29), (14, 29), (15, 29), (16, 29), (17, 29), (18, 29), (19, 29), (20, 29), (21, 29), (22, 29), (23, 29), (24, 29), (25, 29), (26, 29), (27, 29), (28, 29), (28, 28), (29, 28), (30, 28), (30, 27), (30, 26), (30, 25), (30, 24), (30, 23), (30, 22), (30, 21), (30, 20), (30, 19), (30, 18), (30, 17), (30, 16), (30, 15), (30, 14), (30, 13), (30, 12), (30, 11), (30, 10), (30, 9), (30, 8), (30, 7), (30, 6), (30, 5), (30, 4), (30, 3)] 
Custo: 583 
Nos Gerados: 955 
Nos Visitados: 952 
Funcao de Custo: 3 

Dijkstra:
Inicio: (4, 29) 
Chegada: (30, 3) 
Caminho: [(4, 29), (4, 28), (5, 28), (6, 28), (7, 28), (8, 28), (9, 28), (9, 27), (9, 26), (9, 25), (9, 24), (9, 23), (9, 22), (9, 21), (9, 20), (9, 19), (9, 18), (10, 18), (11, 18), (12, 18), (13, 18), (14, 18), (15, 18), (15, 17), (15, 16), (15, 15), (15, 14), (15, 13), (16, 13), (17, 13), (18, 13), (19, 13), (20, 13), (21, 13), (21, 12), (21, 11), (21, 10), (21, 9), (21, 8), (22, 8), (23, 8), (24, 8), (25, 8), (26, 8), (27, 8), (27, 7), (27, 6), (27, 5), (27, 4), (27, 3), (28, 3), (29, 3), (30, 3)] 
Custo: 445 
Nos Gerados: 955 
Nos Visitados: 952 
Funcao de Custo: 4 

Dijkstra:
Inicio: (25, 15) 
Chegada: (3, 27) 
Caminho: [(25, 15), (24, 15), (23, 15), (22, 15), (21, 15), (20, 15), (19, 15), (18, 15), (17, 15), (16, 15), (15, 15), (14, 15), (13, 15), (12, 15), (11, 15), (10, 15), (10, 16), (9, 16), (9, 17), (8, 17), (8, 18), (8, 19), (8, 20), (8, 21), (7, 21), (6, 21), (6, 22), (5, 22), (4, 22), (4, 23), (3, 23), (3, 24), (3, 25), (3, 26), (3, 27)] 
Custo: 340 
Nos Gerados: 930 
Nos Visitados: 916 
Funcao de Custo: 1 

Dijkstra:
Inicio: (25, 15) 
Chegada: (3, 27) 
Caminho: [(25, 15), (24, 15), (23, 15), (22, 15), (21, 15), (20, 15), (19, 15), (18, 15), (17, 15), (16, 15), (15, 15), (14, 15), (13, 15), (12, 15), (11, 15), (10, 15), (9, 15), (8, 15), (7, 15), (6, 15), (5, 15), (4, 15), (3, 15), (3, 16), (3, 17), (3, 18), (3, 19), (3, 20), (3, 21), (3, 22), (3, 23), (3, 24), (3, 25), (3, 26), (3, 27)] 
Custo: 400 
Nos Gerados: 923 
Nos Visitados: 908 
Funcao de Custo: 2 

Dijkstra:
Inicio: (25, 15) 
Chegada: (3, 27) 
Caminho: [(25, 15), (24, 15), (23, 15), (22, 15), (21, 15), (20, 15), (19, 15), (19, 16), (18, 16), (17, 16), (16, 16), (15, 16), (14, 16), (14, 17), (13, 17), (13, 18), (12, 18), (11, 18), (10, 18), (10, 19), (9, 19), (8, 19), (7, 19), (6, 19), (5, 19), (5, 20), (4, 20), (3, 20), (3, 21), (3, 22), (3, 23), (3, 24), (3, 25), (3, 26), (3, 27)] 
Custo: 360 
Nos Gerados: 922 
Nos Visitados: 908 
Funcao de Custo: 3 

Dijkstra:
Inicio: (25, 15) 
Chegada: (3, 27) 
Caminho: [(25, 15), (25, 16), (24, 16), (23, 16), (22, 16), (21, 16), (20, 16), (20, 17), (20, 18), (20, 19), (20, 20), (20, 21), (20, 22), (20, 23), (20, 24), (20, 25), (20, 26), (19, 26), (18, 26), (17, 26), (16, 26), (15, 26), (14, 26), (14, 27), (13, 27), (12, 27), (11, 27), (10, 27), (9, 27), (8, 27), (7, 27), (6, 27), (5, 27), (4, 27), (3, 27)] 
Custo: 305 
Nos Gerados: 930 
Nos Visitados: 916 
Funcao de Custo: 4 

Dijkstra:
Inicio: (21, 24) 
Chegada: (20, 13) 
Caminho: [(21, 24), (21, 23), (21, 22), (21, 21), (21, 20), (21, 19), (21, 18), (21, 17), (21, 16), (21, 15), (20, 15), (20, 14), (20, 13)] 
Custo: 120 
Nos Gerados: 282 
Nos Visitados: 248 
Funcao de Custo: 1 

Dijkstra:
Inicio: (21, 24) 
Chegada: (20, 13) 
Caminho: [(21, 24), (20, 24), (20, 23), (20, 22), (20, 21), (20, 20), (20, 19), (20, 18), (20, 17), (20, 16), (20, 15), (20, 14), (20, 13)] 
Custo: 175 
Nos Gerados: 358 
Nos Visitados: 321 
Funcao de Custo: 2 

Dijkstra:
Inicio: (21, 24) 
Chegada: (20, 13) 
Caminho: [(21, 24), (21, 23), (21, 22), (21, 21), (21, 20), (21, 19), (21, 18), (21, 17), (21, 16), (20, 16), (20, 15), (20, 14), (20, 13)] 
Custo: 148 
Nos Gerados: 335 
Nos Visitados: 303 
Funcao de Custo: 3 

Dijkstra:
Inicio: (21, 24) 
Chegada: (20, 13) 
Caminho: [(21, 24), (21, 23), (20, 23), (20, 22), (20, 21), (20, 20), (20, 19), (20, 18), (20, 17), (20, 16), (20, 15), (20, 14), (20, 13)] 
Custo: 110 
Nos Gerados: 303 
Nos Visitados: 268 
Funcao de Custo: 4 

Dijkstra:
Inicio: (10, 14) 
Chegada: (30, 12) 
Caminho: [(10, 14), (11, 14), (12, 14), (13, 14), (14, 14), (15, 14), (16, 14), (17, 14), (18, 14), (19, 14), (20, 14), (21, 14), (22, 14), (23, 14), (24, 14), (25, 14), (25, 13), (25, 12), (26, 12), (27, 12), (28, 12), (29, 12), (30, 12)] 
Custo: 220 
Nos Gerados: 794 
Nos Visitados: 755 
Funcao de Custo: 1 

Dijkstra:
Inicio: (10, 14) 
Chegada: (30, 12) 
Caminho: [(10, 14), (11, 14), (12, 14), (13, 14), (14, 14), (15, 14), (16, 14), (17, 14), (18, 14), (19, 14), (20, 14), (21, 14), (22, 14), (23, 14), (24, 14), (25, 14), (26, 14), (27, 14), (28, 14), (29, 14), (30, 14), (30, 13), (30, 12)] 
Custo: 230 
Nos Gerados: 647 
Nos Visitados: 589 
Funcao de Custo: 2 

Dijkstra:
Inicio: (10, 14) 
Chegada: (30, 12) 
Caminho: [(10, 14), (11, 14), (12, 14), (13, 14), (14, 14), (15, 14), (16, 14), (17, 14), (18, 14), (19, 14), (20, 14), (21, 14), (22, 14), (23, 14), (24, 14), (25, 14), (26, 14), (27, 14), (28, 14), (28, 13), (28, 12), (29, 12), (30, 12)] 
Custo: 221 
Nos Gerados: 727 
Nos Visitados: 681 
Funcao de Custo: 3 

Dijkstra:
Inicio: (10, 14) 
Chegada: (30, 12) 
Caminho: [(10, 14), (10, 13), (11, 13), (12, 13), (13, 13), (14, 13), (15, 13), (16, 13), (16, 12), (17, 12), (18, 12), (19, 12), (20, 12), (21, 12), (22, 12), (23, 12), (24, 12), (25, 12), (26, 12), (27, 12), (28, 12), (29, 12), (30, 12)] 
Custo: 214 
Nos Gerados: 850 
Nos Visitados: 821 
Funcao de Custo: 4 

Dijkstra:
Inicio: (25, 2) 
Chegada: (10, 1) 
Caminho: [(25, 2), (24, 2), (23, 2), (22, 2), (21, 2), (20, 2), (19, 2), (18, 2), (17, 2), (16, 2), (15, 2), (14, 2), (13, 2), (12, 2), (11, 2), (11, 1), (10, 1)] 
Custo: 160 
Nos Gerados: 283 
Nos Visitados: 253 
Funcao de Custo: 1 

Dijkstra:
Inicio: (25, 2) 
Chegada: (10, 1) 
Caminho: [(25, 2), (24, 2), (23, 2), (22, 2), (21, 2), (20, 2), (19, 2), (18, 2), (17, 2), (16, 2), (15, 2), (14, 2), (13, 2), (12, 2), (11, 2), (10, 2), (10, 1)] 
Custo: 165 
Nos Gerados: 216 
Nos Visitados: 191 
Funcao de Custo: 2 

Dijkstra:
Inicio: (25, 2) 
Chegada: (10, 1) 
Caminho: [(25, 2), (24, 2), (23, 2), (22, 2), (21, 2), (20, 2), (19, 2), (18, 2), (17, 2), (16, 2), (15, 2), (14, 2), (13, 2), (12, 2), (11, 2), (10, 2), (10, 1)] 
Custo: 163 
Nos Gerados: 250 
Nos Visitados: 225 
Funcao de Custo: 3 

Dijkstra:
Inicio: (25, 2) 
Chegada: (10, 1) 
Caminho: [(25, 2), (25, 1), (24, 1), (23, 1), (22, 1), (21, 1), (20, 1), (19, 1), (18, 1), (17, 1), (16, 1), (15, 1), (14, 1), (13, 1), (12, 1), (11, 1), (10, 1)] 
Custo: 155 
Nos Gerados: 320 
Nos Visitados: 294 
Funcao de Custo: 4 

Dijkstra:
Inicio: (5, 21) 
Chegada: (18, 25) 
Caminho: [(5, 21), (6, 21), (7, 21), (8, 21), (9, 21), (10, 21), (11, 21), (12, 21), (13, 21), (14, 21), (14, 22), (14, 23), (15, 23), (16, 23), (16, 24), (16, 25), (17, 25), (18, 25)] 
Custo: 170 
Nos Gerados: 424 
Nos Visitados: 387 
Funcao de Custo: 1 

Dijkstra:
Inicio: (5, 21) 
Chegada: (18, 25) 
Caminho: [(5, 21), (6, 21), (7, 21), (8, 21), (9, 21), (10, 21), (11, 21), (12, 21), (13, 21), (14, 21), (15, 21), (16, 21), (17, 21), (18, 21), (18, 22), (18, 23), (18, 24), (18, 25)] 
Custo: 190 
Nos Gerados: 378 
Nos Visitados: 341 
Funcao de Custo: 2 

Dijkstra:
Inicio: (5, 21) 
Chegada: (18, 25) 
Caminho: [(5, 21), (6, 21), (7, 21), (8, 21), (9, 21), (10, 21), (11, 21), (11, 22), (12, 22), (13, 22), (14, 22), (15, 22), (16, 22), (16, 23), (16, 24), (17, 24), (18, 24), (18, 25)] 
Custo: 175 
Nos Gerados: 396 
Nos Visitados: 362 
Funcao de Custo: 3 

Dijkstra:
Inicio: (5, 21) 
Chegada: (18, 25) 
Caminho: [(5, 21), (5, 22), (6, 22), (7, 22), (8, 22), (9, 22), (10, 22), (11, 22), (12, 22), (13, 22), (14, 22), (14, 23), (14, 24), (14, 25), (15, 25), (16, 25), (17, 25), (18, 25)] 
Custo: 152 
Nos Gerados: 432 
Nos Visitados: 399 
Funcao de Custo: 4 

Dijkstra:
Inicio: (21, 26) 
Chegada: (0, 14) 
Caminho: [(21, 26), (20, 26), (19, 26), (18, 26), (17, 26), (16, 26), (15, 26), (14, 26), (13, 26), (12, 26), (11, 26), (10, 26), (9, 26), (8, 26), (8, 25), (7, 25), (6, 25), (5, 25), (5, 24), (4, 24), (3, 24), (2, 24), (2, 23), (2, 22), (2, 21), (2, 20), (1, 20), (1, 19), (1, 18), (1, 17), (1, 16), (1, 15), (0, 15), (0, 14)] 
Custo: 330 
Nos Gerados: 862 
Nos Visitados: 841 
Funcao de Custo: 1 

Dijkstra:
Inicio: (21, 26) 
Chegada: (0, 14) 
Caminho: [(21, 26), (20, 26), (19, 26), (18, 26), (17, 26), (16, 26), (15, 26), (14, 26), (13, 26), (12, 26), (11, 26), (10, 26), (9, 26), (8, 26), (7, 26), (6, 26), (5, 26), (4, 26), (3, 26), (2, 26), (1, 26), (0, 26), (0, 25), (0, 24), (0, 23), (0, 22), (0, 21), (0, 20), (0, 19), (0, 18), (0, 17), (0, 16), (0, 15), (0, 14)] 
Custo: 390 
Nos Gerados: 789 
Nos Visitados: 760 
Funcao de Custo: 2 

Dijkstra:
Inicio: (21, 26) 
Chegada: (0, 14) 
Caminho: [(21, 26), (20, 26), (19, 26), (18, 26), (17, 26), (16, 26), (15, 26), (14, 26), (13, 26), (12, 26), (11, 26), (10, 26), (9, 26), (8, 26), (7, 26), (6, 26), (5, 26), (4, 26), (3, 26), (3, 25), (2, 25), (2, 24), (1, 24), (0, 24), (0, 23), (0, 22), (0, 21), (0, 20), (0, 19), (0, 18), (0, 17), (0, 16), (0, 15), (0, 14)] 
Custo: 355 
Nos Gerados: 818 
Nos Visitados: 795 
Funcao de Custo: 3 

Dijkstra:
Inicio: (21, 26) 
Chegada: (0, 14) 
Caminho: [(21, 26), (21, 25), (20, 25), (19, 25), (18, 25), (17, 25), (16, 25), (15, 25), (14, 25), (13, 25), (12, 25), (11, 25), (11, 24), (11, 23), (11, 22), (11, 21), (11, 20), (10, 20), (9, 20), (8, 20), (7, 20), (6, 20), (5, 20), (5, 19), (5, 18), (5, 17), (5, 16), (5, 15), (4, 15), (3, 15), (2, 15), (1, 15), (0, 15), (0, 14)] 
Custo: 300 
Nos Gerados: 879 
Nos Visitados: 858 
Funcao de Custo: 4 

Dijkstra:
Inicio: (8, 12) 
Chegada: (14, 2) 
Caminho: [(8, 12), (9, 12), (9, 11), (10, 11), (10, 10), (11, 10), (11, 9), (11, 8), (12, 8), (12, 7), (12, 6), (12, 5), (12, 4), (12, 3), (13, 3), (13, 2), (14, 2)] 
Custo: 160 
Nos Gerados: 503 
Nos Visitados: 451 
Funcao de Custo: 1 

Dijkstra:
Inicio: (8, 12) 
Chegada: (14, 2) 
Caminho: [(8, 12), (9, 12), (10, 12), (11, 12), (12, 12), (13, 12), (14, 12), (14, 11), (14, 10), (14, 9), (14, 8), (14, 7), (14, 6), (14, 5), (14, 4), (14, 3), (14, 2)] 
Custo: 210 
Nos Gerados: 543 
Nos Visitados: 490 
Funcao de Custo: 2 

Dijkstra:
Inicio: (8, 12) 
Chegada: (14, 2) 
Caminho: [(8, 12), (9, 12), (10, 12), (11, 12), (12, 12), (13, 12), (14, 12), (14, 11), (14, 10), (14, 9), (14, 8), (14, 7), (14, 6), (14, 5), (14, 4), (14, 3), (14, 2)] 
Custo: 181 
Nos Gerados: 507 
Nos Visitados: 460 
Funcao de Custo: 3 

Dijkstra:
Inicio: (8, 12) 
Chegada: (14, 2) 
Caminho: [(8, 12), (8, 11), (9, 11), (10, 11), (11, 11), (12, 11), (13, 11), (13, 10), (13, 9), (13, 8), (13, 7), (13, 6), (13, 5), (13, 4), (13, 3), (13, 2), (14, 2)] 
Custo: 131 
Nos Gerados: 457 
Nos Visitados: 413 
Funcao de Custo: 4 

Dijkstra:
Inicio: (23, 29) 
Chegada: (29, 6) 
Caminho: [(23, 29), (23, 28), (23, 27), (23, 26), (23, 25), (23, 24), (23, 23), (23, 22), (23, 21), (23, 20), (23, 19), (23, 18), (23, 17), (23, 16), (23, 15), (23, 14), (23, 13), (23, 12), (23, 11), (23, 10), (23, 9), (23, 8), (24, 8), (25, 8), (25, 7), (25, 6), (26, 6), (27, 6), (28, 6), (29, 6)] 
Custo: 290 
Nos Gerados: 657 
Nos Visitados: 627 
Funcao de Custo: 1 

Dijkstra:
Inicio: (23, 29) 
Chegada: (29, 6) 
Caminho: [(23, 29), (24, 29), (25, 29), (26, 29), (27, 29), (28, 29), (29, 29), (29, 28), (29, 27), (29, 26), (29, 25), (29, 24), (29, 23), (29, 22), (29, 21), (29, 20), (29, 19), (29, 18), (29, 17), (29, 16), (29, 15), (29, 14), (29, 13), (29, 12), (29, 11), (29, 10), (29, 9), (29, 8), (29, 7), (29, 6)] 
Custo: 405 
Nos Gerados: 707 
Nos Visitados: 677 
Funcao de Custo: 2 

Dijkstra:
Inicio: (23, 29) 
Chegada: (29, 6) 
Caminho: [(23, 29), (24, 29), (25, 29), (26, 29), (27, 29), (28, 29), (29, 29), (29, 28), (29, 27), (29, 26), (29, 25), (29, 24), (29, 23), (29, 22), (29, 21), (29, 20), (29, 19), (29, 18), (29, 17), (29, 16), (29, 15), (29, 14), (29, 13), (29, 12), (29, 11), (29, 10), (29, 9), (29, 8), (29, 7), (29, 6)] 
Custo: 345 
Nos Gerados: 703 
Nos Visitados: 673 
Funcao de Custo: 3 

Dijkstra:
Inicio: (23, 29) 
Chegada: (29, 6) 
Caminho: [(23, 29), (23, 28), (24, 28), (25, 28), (26, 28), (27, 28), (28, 28), (28, 27), (28, 26), (28, 25), (28, 24), (28, 23), (28, 22), (28, 21), (28, 20), (28, 19), (28, 18), (28, 17), (28, 16), (28, 15), (29, 15), (29, 14), (29, 13), (29, 12), (29, 11), (29, 10), (29, 9), (29, 8), (29, 7), (29, 6)] 
Custo: 258 
Nos Gerados: 673 
Nos Visitados: 640 
Funcao de Custo: 4 

Dijkstra:
Inicio: (27, 24) 
Chegada: (15, 7) 
Caminho: [(27, 24), (27, 23), (27, 22), (27, 21), (26, 21), (25, 21), (25, 20), (25, 19), (25, 18), (24, 18), (23, 18), (23, 17), (23, 16), (23, 15), (22, 15), (22, 14), (21, 14), (21, 13), (21, 12), (20, 12), (19, 12), (18, 12), (17, 12), (16, 12), (16, 11), (16, 10), (16, 9), (16, 8), (15, 8), (15, 7)] 
Custo: 290 
Nos Gerados: 724 
Nos Visitados: 698 
Funcao de Custo: 1 

Dijkstra:
Inicio: (27, 24) 
Chegada: (15, 7) 
Caminho: [(27, 24), (26, 24), (25, 24), (24, 24), (23, 24), (22, 24), (21, 24), (20, 24), (19, 24), (18, 24), (17, 24), (16, 24), (15, 24), (15, 23), (15, 22), (15, 21), (15, 20), (15, 19), (15, 18), (15, 17), (15, 16), (15, 15), (15, 14), (15, 13), (15, 12), (15, 11), (15, 10), (15, 9), (15, 8), (15, 7)] 
Custo: 375 
Nos Gerados: 749 
Nos Visitados: 722 
Funcao de Custo: 2 

Dijkstra:
Inicio: (27, 24) 
Chegada: (15, 7) 
Caminho: [(27, 24), (26, 24), (25, 24), (24, 24), (23, 24), (22, 24), (21, 24), (21, 23), (20, 23), (19, 23), (19, 22), (19, 21), (18, 21), (18, 20), (18, 19), (18, 18), (17, 18), (16, 18), (15, 18), (15, 17), (15, 16), (15, 15), (15, 14), (15, 13), (15, 12), (15, 11), (15, 10), (15, 9), (15, 8), (15, 7)] 
Custo: 325 
Nos Gerados: 738 
Nos Visitados: 713 
Funcao de Custo: 3 

Dijkstra:
Inicio: (27, 24) 
Chegada: (15, 7) 
Caminho: [(27, 24), (27, 23), (26, 23), (25, 23), (24, 23), (23, 23), (22, 23), (22, 22), (22, 21), (22, 20), (22, 19), (22, 18), (22, 17), (22, 16), (22, 15), (22, 14), (22, 13), (21, 13), (20, 13), (19, 13), (18, 13), (17, 13), (16, 13), (16, 12), (16, 11), (16, 10), (16, 9), (16, 8), (16, 7), (15, 7)] 
Custo: 245 
Nos Gerados: 655 
Nos Visitados: 624 
Funcao de Custo: 4 

Dijkstra:
Inicio: (2, 28) 
Chegada: (18, 23) 
Caminho: [(2, 28), (3, 28), (4, 28), (5, 28), (6, 28), (7, 28), (8, 28), (9, 28), (10, 28), (11, 28), (12, 28), (13, 28), (14, 28), (15, 28), (16, 28), (16, 27), (16, 26), (17, 26), (17, 25), (18, 25), (18, 24), (18, 23)] 
Custo: 210 
Nos Gerados: 362 
Nos Visitados: 329 
Funcao de Custo: 1 

Dijkstra:
Inicio: (2, 28) 
Chegada: (18, 23) 
Caminho: [(2, 28), (3, 28), (4, 28), (5, 28), (6, 28), (7, 28), (8, 28), (9, 28), (10, 28), (11, 28), (12, 28), (13, 28), (14, 28), (15, 28), (16, 28), (17, 28), (18, 28), (18, 27), (18, 26), (18, 25), (18, 24), (18, 23)] 
Custo: 235 
Nos Gerados: 310 
Nos Visitados: 281 
Funcao de Custo: 2 

Dijkstra:
Inicio: (2, 28) 
Chegada: (18, 23) 
Caminho: [(2, 28), (3, 28), (4, 28), (5, 28), (6, 28), (7, 28), (8, 28), (9, 28), (10, 28), (11, 28), (12, 28), (13, 28), (14, 28), (14, 27), (15, 27), (16, 27), (16, 26), (16, 25), (17, 25), (18, 25), (18, 24), (18, 23)] 
Custo: 220 
Nos Gerados: 326 
Nos Visitados: 297 
Funcao de Custo: 3 

Dijkstra:
Inicio: (2, 28) 
Chegada: (18, 23) 
Caminho: [(2, 28), (2, 27), (3, 27), (4, 27), (5, 27), (6, 27), (7, 27), (8, 27), (8, 26), (8, 25), (9, 25), (9, 24), (9, 23), (10, 23), (11, 23), (12, 23), (13, 23), (14, 23), (15, 23), (16, 23), (17, 23), (18, 23)] 
Custo: 193 
Nos Gerados: 352 
Nos Visitados: 325 
Funcao de Custo: 4 

Dijkstra:
Inicio: (28, 21) 
Chegada: (8, 22) 
Caminho: [(28, 21), (27, 21), (26, 21), (25, 21), (24, 21), (23, 21), (22, 21), (21, 21), (20, 21), (19, 21), (18, 21), (17, 21), (16, 21), (15, 21), (14, 21), (13, 21), (12, 21), (12, 22), (11, 22), (10, 22), (9, 22), (8, 22)] 
Custo: 210 
Nos Gerados: 498 
Nos Visitados: 461 
Funcao de Custo: 1 

Dijkstra:
Inicio: (28, 21) 
Chegada: (8, 22) 
Caminho: [(28, 21), (27, 21), (26, 21), (25, 21), (24, 21), (23, 21), (22, 21), (21, 21), (20, 21), (19, 21), (18, 21), (17, 21), (16, 21), (15, 21), (14, 21), (13, 21), (12, 21), (11, 21), (10, 21), (9, 21), (8, 21), (8, 22)] 
Custo: 215 
Nos Gerados: 381 
Nos Visitados: 344 
Funcao de Custo: 2 

Dijkstra:
Inicio: (28, 21) 
Chegada: (8, 22) 
Caminho: [(28, 21), (27, 21), (26, 21), (25, 21), (24, 21), (23, 21), (22, 21), (21, 21), (20, 21), (19, 21), (18, 21), (17, 21), (16, 21), (15, 21), (14, 21), (13, 21), (12, 21), (11, 21), (10, 21), (9, 21), (8, 21), (8, 22)] 
Custo: 212 
Nos Gerados: 432 
Nos Visitados: 397 
Funcao de Custo: 3 

Dijkstra:
Inicio: (28, 21) 
Chegada: (8, 22) 
Caminho: [(28, 21), (28, 22), (27, 22), (26, 22), (25, 22), (24, 22), (23, 22), (22, 22), (21, 22), (20, 22), (19, 22), (18, 22), (17, 22), (16, 22), (15, 22), (14, 22), (13, 22), (12, 22), (11, 22), (10, 22), (9, 22), (8, 22)] 
Custo: 205 
Nos Gerados: 527 
Nos Visitados: 490 
Funcao de Custo: 4 

Dijkstra:
Inicio: (23, 4) 
Chegada: (4, 3) 
Caminho: [(23, 4), (22, 4), (21, 4), (20, 4), (19, 4), (18, 4), (17, 4), (16, 4), (15, 4), (14, 4), (13, 4), (12, 4), (11, 4), (10, 4), (9, 4), (8, 4), (7, 4), (6, 4), (5, 4), (5, 3), (4, 3)] 
Custo: 200 
Nos Gerados: 452 
Nos Visitados: 421 
Funcao de Custo: 1 

Dijkstra:
Inicio: (23, 4) 
Chegada: (4, 3) 
Caminho: [(23, 4), (22, 4), (21, 4), (20, 4), (19, 4), (18, 4), (17, 4), (16, 4), (15, 4), (14, 4), (13, 4), (12, 4), (11, 4), (10, 4), (9, 4), (8, 4), (7, 4), (6, 4), (5, 4), (4, 4), (4, 3)] 
Custo: 205 
Nos Gerados: 374 
Nos Visitados: 340 
Funcao de Custo: 2 

Dijkstra:
Inicio: (23, 4) 
Chegada: (4, 3) 
Caminho: [(23, 4), (22, 4), (21, 4), (20, 4), (19, 4), (18, 4), (17, 4), (16, 4), (15, 4), (14, 4), (13, 4), (12, 4), (11, 4), (10, 4), (9, 4), (8, 4), (7, 4), (6, 4), (5, 4), (5, 3), (4, 3)] 
Custo: 200 
Nos Gerados: 407 
Nos Visitados: 376 
Funcao de Custo: 3 

Dijkstra:
Inicio: (23, 4) 
Chegada: (4, 3) 
Caminho: [(23, 4), (23, 3), (22, 3), (21, 3), (20, 3), (19, 3), (18, 3), (17, 3), (16, 3), (15, 3), (14, 3), (13, 3), (12, 3), (11, 3), (10, 3), (9, 3), (8, 3), (7, 3), (6, 3), (5, 3), (4, 3)] 
Custo: 195 
Nos Gerados: 514 
Nos Visitados: 478 
Funcao de Custo: 4 

Dijkstra:
Inicio: (26, 18) 
Chegada: (0, 3) 
Caminho: [(26, 18), (25, 18), (24, 18), (23, 18), (22, 18), (21, 18), (20, 18), (19, 18), (18, 18), (17, 18), (16, 18), (15, 18), (14, 18), (13, 18), (12, 18), (11, 18), (10, 18), (9, 18), (8, 18), (7, 18), (7, 17), (7, 16), (6, 16), (5, 16), (5, 15), (5, 14), (5, 13), (5, 12), (5, 11), (5, 10), (5, 9), (4, 9), (4, 8), (3, 8), (3, 7), (3, 6), (3, 5), (3, 4), (2, 4), (1, 4), (1, 3), (0, 3)] 
Custo: 410 
Nos Gerados: 955 
Nos Visitados: 952 
Funcao de Custo: 1 

Dijkstra:
Inicio: (26, 18) 
Chegada: (0, 3) 
Caminho: [(26, 18), (25, 18), (24, 18), (23, 18), (22, 18), (21, 18), (20, 18), (19, 18), (18, 18), (17, 18), (16, 18), (15, 18), (14, 18), (13, 18), (12, 18), (11, 18), (10, 18), (9, 18), (8, 18), (7, 18), (6, 18), (5, 18), (4, 18), (3, 18), (2, 18), (1, 18), (0, 18), (0, 17), (0, 16), (0, 15), (0, 14), (0, 13), (0, 12), (0, 11), (0, 10), (0, 9), (0, 8), (0, 7), (0, 6), (0, 5), (0, 4), (0, 3)] 
Custo: 485 
Nos Gerados: 955 
Nos Visitados: 951 
Funcao de Custo: 2 

Dijkstra:
Inicio: (26, 18) 
Chegada: (0, 3) 
Caminho: [(26, 18), (25, 18), (24, 18), (23, 18), (22, 18), (21, 18), (20, 18), (20, 17), (20, 16), (20, 15), (19, 15), (18, 15), (17, 15), (17, 14), (16, 14), (15, 14), (14, 14), (13, 14), (12, 14), (12, 13), (12, 12), (12, 11), (12, 10), (12, 9), (11, 9), (11, 8), (11, 7), (10, 7), (9, 7), (8, 7), (7, 7), (7, 6), (6, 6), (5, 6), (4, 6), (3, 6), (2, 6), (2, 5), (1, 5), (0, 5), (0, 4), (0, 3)] 
Custo: 431 
Nos Gerados: 955 
Nos Visitados: 952 
Funcao de Custo: 3 

Dijkstra:
Inicio: (26, 18) 
Chegada: (0, 3) 
Caminho: [(26, 18), (26, 17), (25, 17), (24, 17), (23, 17), (22, 17), (21, 17), (20, 17), (19, 17), (18, 17), (17, 17), (16, 17), (16, 16), (16, 15), (16, 14), (16, 13), (16, 12), (15, 12), (14, 12), (13, 12), (12, 12), (11, 12), (10, 12), (10, 11), (10, 10), (10, 9), (10, 8), (10, 7), (9, 7), (8, 7), (7, 7), (6, 7), (5, 7), (4, 7), (4, 6), (4, 5), (4, 4), (4, 3), (3, 3), (2, 3), (1, 3), (0, 3)] 
Custo: 361 
Nos Gerados: 958 
Nos Visitados: 955 
Funcao de Custo: 4 