A*:
Inicio: (30, 0) 
Chegada: (28, 15) 
Caminho: [(30, 0), (30, 1), (30, 2), (30, 3), (30, 4), (30, 5), (30, 6), (30, 7), (30, 8), (30, 9), (30, 10), (30, 11), (30, 12), (30, 13), (30, 14), (30, 15), (29, 15), (28, 15)] 
Custo: 170 
Nos Gerados: 35 
Nos Visitados: 18 
Funcao de Custo: 1 
 Heuristica: Manhattan

A*:
Inicio: (30, 0) 
Chegada: (28, 15) 
Caminho: [(30, 0), (29, 0), (28, 0), (28, 1), (28, 2), (28, 3), (28, 4), (28, 5), (28, 6), (28, 7), (28, 8), (28, 9), (28, 10), (28, 11), (28, 12), (28, 13), (28, 14), (28, 15)] 
Custo: 245 
Nos Gerados: 89 
Nos Visitados: 72 
Funcao de Custo: 2 
 Heuristica: Manhattan

A*:
Inicio: (30, 0) 
Chegada: (28, 15) 
Caminho: [(30, 0), (30, 1), (29, 1), (28, 1), (28, 2), (28, 3), (28, 4), (28, 5), (28, 6), (28, 7), (28, 8), (28, 9), (28, 10), (28, 11), (28, 12), (28, 13), (28, 14), (28, 15)] 
Custo: 201 
Nos Gerados: 69 
Nos Visitados: 48 
Funcao de Custo: 3 
 Heuristica: Manhattan

A*:
Inicio: (30, 0) 
Chegada: (28, 15) 
Caminho: [(30, 0), (30, 1), (29, 1), (28, 1), (28, 2), (28, 3), (28, 4), (28, 5), (28, 6), (28, 7), (28, 8), (28, 9), (28, 10), (28, 11), (28, 12), (28, 13), (28, 14), (28, 15)] 
Custo: 146 
Nos Gerados: 49 
Nos Visitados: 21 
Funcao de Custo: 4 
 Heuristica: Manhattan

A*:
Inicio: (0, 24) 
Chegada: (22, 4) 
Caminho: [(0, 24), (0, 23), (0, 22), (0, 21), (0, 20), (0, 19), (0, 18), (0, 17), (0, 16), (0, 15), (0, 14), (0, 13), (0, 12), (0, 11), (0, 10), (0, 9), (0, 8), (0, 7), (0, 6), (0, 5), (0, 4), (1, 4), (2, 4), (3, 4), (4, 4), (5, 4), (6, 4), (7, 4), (8, 4), (9, 4), (10, 4), (11, 4), (12, 4), (13, 4), (14, 4), (15, 4), (16, 4), (17, 4), (18, 4), (19, 4), (20, 4), (21, 4), (22, 4)] 
Custo: 420 
Nos Gerados: 106 
Nos Visitados: 43 
Funcao de Custo: 1 
 Heuristica: Manhattan

A*:
Inicio: (0, 24) 
Chegada: (22, 4) 
Caminho: [(0, 24), (1, 24), (2, 24), (3, 24), (4, 24), (5, 24), (6, 24), (7, 24), (8, 24), (9, 24), (10, 24), (11, 24), (12, 24), (13, 24), (14, 24), (15, 24), (16, 24), (17, 24), (18, 24), (19, 24), (20, 24), (21, 24), (22, 24), (22, 23), (22, 22), (22, 21), (22, 20), (22, 19), (22, 18), (22, 17), (22, 16), (22, 15), (22, 14), (22, 13), (22, 12), (22, 11), (22, 10), (22, 9), (22, 8), (22, 7), (22, 6), (22, 5), (22, 4)] 
Custo: 520 
Nos Gerados: 651 
Nos Visitados: 582 
Funcao de Custo: 2 
 Heuristica: Manhattan

A*:
Inicio: (0, 24) 
Chegada: (22, 4) 
Caminho: [(0, 24), (0, 23), (1, 23), (2, 23), (3, 23), (4, 23), (5, 23), (5, 22), (6, 22), (7, 22), (8, 22), (9, 22), (10, 22), (10, 21), (11, 21), (12, 21), (13, 21), (14, 21), (15, 21), (15, 20), (16, 20), (17, 20), (18, 20), (19, 20), (20, 20), (20, 19), (21, 19), (22, 19), (22, 18), (22, 17), (22, 16), (22, 15), (22, 14), (22, 13), (22, 12), (22, 11), (22, 10), (22, 9), (22, 8), (22, 7), (22, 6), (22, 5), (22, 4)] 
Custo: 462 
Nos Gerados: 503 
Nos Visitados: 405 
Funcao de Custo: 3 
 Heuristica: Manhattan

A*:
Inicio: (0, 24) 
Chegada: (22, 4) 
Caminho: [(0, 24), (0, 23), (1, 23), (2, 23), (3, 23), (4, 23), (5, 23), (5, 22), (5, 21), (5, 20), (5, 19), (5, 18), (5, 17), (5, 16), (5, 15), (5, 14), (5, 13), (5, 12), (6, 12), (7, 12), (8, 12), (9, 12), (10, 12), (10, 11), (10, 10), (10, 9), (10, 8), (10, 7), (10, 6), (11, 6), (12, 6), (13, 6), (14, 6), (15, 6), (15, 5), (15, 4), (16, 4), (17, 4), (18, 4), (19, 4), (20, 4), (21, 4), (22, 4)] 
Custo: 366 
Nos Gerados: 119 
Nos Visitados: 43 
Funcao de Custo: 4 
 Heuristica: Manhattan

A*:
Inicio: (26, 30) 
Chegada: (7, 18) 
Caminho: [(26, 30), (26, 29), (26, 28), (26, 27), (26, 26), (26, 25), (26, 24), (26, 23), (26, 22), (26, 21), (26, 20), (26, 19), (26, 18), (25, 18), (24, 18), (23, 18), (22, 18), (21, 18), (20, 18), (19, 18), (18, 18), (17, 18), (16, 18), (15, 18), (14, 18), (13, 18), (12, 18), (11, 18), (10, 18), (9, 18), (8, 18), (7, 18)] 
Custo: 310 
Nos Gerados: 93 
Nos Visitados: 32 
Funcao de Custo: 1 
 Heuristica: Manhattan

A*:
Inicio: (26, 30) 
Chegada: (7, 18) 
Caminho: [(26, 30), (25, 30), (24, 30), (23, 30), (22, 30), (21, 30), (20, 30), (19, 30), (18, 30), (17, 30), (16, 30), (15, 30), (14, 30), (13, 30), (12, 30), (11, 30), (10, 30), (9, 30), (8, 30), (7, 30), (7, 29), (7, 28), (7, 27), (7, 26), (7, 25), (7, 24), (7, 23), (7, 22), (7, 21), (7, 20), (7, 19), (7, 18)] 
Custo: 370 
Nos Gerados: 324 
Nos Visitados: 280 
Funcao de Custo: 2 
 Heuristica: Manhattan

A*:
Inicio: (26, 30) 
Chegada: (7, 18) 
Caminho: [(26, 30), (26, 29), (25, 29), (24, 29), (23, 29), (22, 29), (21, 29), (21, 28), (20, 28), (19, 28), (18, 28), (17, 28), (16, 28), (16, 27), (15, 27), (14, 27), (13, 27), (12, 27), (11, 27), (11, 26), (10, 26), (9, 26), (8, 26), (7, 26), (7, 25), (7, 24), (7, 23), (7, 22), (7, 21), (7, 20), (7, 19), (7, 18)] 
Custo: 330 
Nos Gerados: 241 
Nos Visitados: 156 
Funcao de Custo: 3 
 Heuristica: Manhattan

A*:
Inicio: (26, 30) 
Chegada: (7, 18) 
Caminho: [(26, 30), (26, 29), (25, 29), (24, 29), (23, 29), (22, 29), (21, 29), (21, 28), (21, 27), (21, 26), (21, 25), (21, 24), (21, 23), (21, 22), (21, 21), (21, 20), (21, 19), (21, 18), (20, 18), (19, 18), (18, 18), (17, 18), (16, 18), (15, 18), (14, 18), (13, 18), (12, 18), (11, 18), (10, 18), (9, 18), (8, 18), (7, 18)] 
Custo: 280 
Nos Gerados: 91 
Nos Visitados: 32 
Funcao de Custo: 4 
 Heuristica: Manhattan

A*:
Inicio: (30, 6) 
Chegada: (19, 23) 
Caminho: [(30, 6), (30, 7), (30, 8), (30, 9), (30, 10), (30, 11), (30, 12), (30, 13), (30, 14), (30, 15), (30, 16), (30, 17), (30, 18), (30, 19), (30, 20), (30, 21), (30, 22), (30, 23), (29, 23), (28, 23), (27, 23), (26, 23), (25, 23), (24, 23), (23, 23), (22, 23), (21, 23), (20, 23), (19, 23)] 
Custo: 280 
Nos Gerados: 67 
Nos Visitados: 29 
Funcao de Custo: 1 
 Heuristica: Manhattan

A*:
Inicio: (30, 6) 
Chegada: (19, 23) 
Caminho: [(30, 6), (29, 6), (28, 6), (27, 6), (26, 6), (25, 6), (24, 6), (23, 6), (22, 6), (21, 6), (20, 6), (19, 6), (19, 7), (19, 8), (19, 9), (19, 10), (19, 11), (19, 12), (19, 13), (19, 14), (19, 15), (19, 16), (19, 17), (19, 18), (19, 19), (19, 20), (19, 21), (19, 22), (19, 23)] 
Custo: 365 
Nos Gerados: 327 
Nos Visitados: 283 
Funcao de Custo: 2 
 Heuristica: Manhattan

A*:
Inicio: (30, 6) 
Chegada: (19, 23) 
Caminho: [(30, 6), (30, 7), (29, 7), (28, 7), (27, 7), (26, 7), (25, 7), (25, 8), (24, 8), (23, 8), (22, 8), (21, 8), (20, 8), (20, 9), (19, 9), (19, 10), (19, 11), (19, 12), (19, 13), (19, 14), (19, 15), (19, 16), (19, 17), (19, 18), (19, 19), (19, 20), (19, 21), (19, 22), (19, 23)] 
Custo: 315 
Nos Gerados: 234 
Nos Visitados: 176 
Funcao de Custo: 3 
 Heuristica: Manhattan

A*:
Inicio: (30, 6) 
Chegada: (19, 23) 
Caminho: [(30, 6), (30, 7), (29, 7), (28, 7), (27, 7), (26, 7), (25, 7), (25, 8), (25, 9), (25, 10), (25, 11), (25, 12), (25, 13), (25, 14), (25, 15), (25, 16), (25, 17), (25, 18), (24, 18), (23, 18), (22, 18), (21, 18), (20, 18), (20, 19), (20, 20), (20, 21), (20, 22), (20, 23), (19, 23)] 
Custo: 235 
Nos Gerados: 80 
Nos Visitados: 29 
Funcao de Custo: 4 
 Heuristica: Manhattan

A*:
Inicio: (29, 2) 
Chegada: (22, 13) 
Caminho: [(29, 2), (29, 3), (29, 4), (29, 5), (29, 6), (29, 7), (29, 8), (29, 9), (29, 10), (29, 11), (29, 12), (29, 13), (28, 13), (27, 13), (26, 13), (25, 13), (24, 13), (23, 13), (22, 13)] 
Custo: 180 
Nos Gerados: 55 
Nos Visitados: 19 
Funcao de Custo: 1 
 Heuristica: Manhattan

A*:
Inicio: (29, 2) 
Chegada: (22, 13) 
Caminho: [(29, 2), (28, 2), (27, 2), (26, 2), (25, 2), (24, 2), (23, 2), (22, 2), (22, 3), (22, 4), (22, 5), (22, 6), (22, 7), (22, 8), (22, 9), (22, 10), (22, 11), (22, 12), (22, 13)] 
Custo: 235 
Nos Gerados: 152 
Nos Visitados: 127 
Funcao de Custo: 2 
 Heuristica: Manhattan

A*:
Inicio: (29, 2) 
Chegada: (22, 13) 
Caminho: [(29, 2), (29, 3), (28, 3), (27, 3), (26, 3), (25, 3), (24, 3), (24, 4), (23, 4), (22, 4), (22, 5), (22, 6), (22, 7), (22, 8), (22, 9), (22, 10), (22, 11), (22, 12), (22, 13)] 
Custo: 207 
Nos Gerados: 137 
Nos Visitados: 95 
Funcao de Custo: 3 
 Heuristica: Manhattan

A*:
Inicio: (29, 2) 
Chegada: (22, 13) 
Caminho: [(29, 2), (29, 3), (28, 3), (27, 3), (26, 3), (25, 3), (24, 3), (24, 4), (24, 5), (24, 6), (24, 7), (24, 8), (24, 9), (24, 10), (24, 11), (24, 12), (24, 13), (23, 13), (22, 13)] 
Custo: 150 
Nos Gerados: 53 
Nos Visitados: 19 
Funcao de Custo: 4 
 Heuristica: Manhattan

A*:
Inicio: (18, 11) 
Chegada: (30, 7) 
Caminho: [(18, 11), (18, 10), (18, 9), (18, 8), (18, 7), (19, 7), (20, 7), (21, 7), (22, 7), (23, 7), (24, 7), (25, 7), (26, 7), (27, 7), (28, 7), (29, 7), (30, 7)] 
Custo: 160 
Nos Gerados: 49 
Nos Visitados: 17 
Funcao de Custo: 1 
 Heuristica: Manhattan

A*:
Inicio: (18, 11) 
Chegada: (30, 7) 
Caminho: [(18, 11), (19, 11), (20, 11), (21, 11), (22, 11), (23, 11), (24, 11), (25, 11), (26, 11), (27, 11), (28, 11), (29, 11), (30, 11), (30, 10), (30, 9), (30, 8), (30, 7)] 
Custo: 180 
Nos Gerados: 87 
Nos Visitados: 57 
Funcao de Custo: 2 
 Heuristica: Manhattan

A*:
Inicio: (18, 11) 
Chegada: (30, 7) 
Caminho: [(18, 11), (18, 10), (19, 10), (20, 10), (21, 10), (22, 10), (23, 10), (23, 9), (24, 9), (25, 9), (26, 9), (27, 9), (28, 9), (28, 8), (29, 8), (30, 8), (30, 7)] 
Custo: 163 
Nos Gerados: 58 
Nos Visitados: 29 
Funcao de Custo: 3 
 Heuristica: Manhattan

A*:
Inicio: (18, 11) 
Chegada: (30, 7) 
Caminho: [(18, 11), (18, 10), (19, 10), (20, 10), (21, 10), (22, 10), (23, 10), (23, 9), (23, 8), (23, 7), (24, 7), (25, 7), (26, 7), (27, 7), (28, 7), (29, 7), (30, 7)] 
Custo: 152 
Nos Gerados: 47 
Nos Visitados: 17 
Funcao de Custo: 4 
 Heuristica: Manhattan

A*:
Inicio: (29, 6) 
Chegada: (25, 15) 
Caminho: [(29, 6), (29, 7), (29, 8), (29, 9), (29, 10), (29, 11), (29, 12), (29, 13), (29, 14), (29, 15), (28, 15), (27, 15), (26, 15), (25, 15)] 
Custo: 130 
Nos Gerados: 40 
Nos Visitados: 14 
Funcao de Custo: 1 
 Heuristica: Manhattan

A*:
Inicio: (29, 6) 
Chegada: (25, 15) 
Caminho: [(29, 6), (28, 6), (27, 6), (26, 6), (25, 6), (25, 7), (25, 8), (25, 9), (25, 10), (25, 11), (25, 12), (25, 13), (25, 14), (25, 15)] 
Custo: 175 
Nos Gerados: 90 
Nos Visitados: 65 
Funcao de Custo: 2 
 Heuristica: Manhattan

A*:
Inicio: (29, 6) 
Chegada: (25, 15) 
Caminho: [(29, 6), (29, 7), (28, 7), (27, 7), (26, 7), (25, 7), (25, 8), (25, 9), (25, 10), (25, 11), (25, 12), (25, 13), (25, 14), (25, 15)] 
Custo: 146 
Nos Gerados: 68 
Nos Visitados: 35 
Funcao de Custo: 3 
 Heuristica: Manhattan

A*:
Inicio: (29, 6) 
Chegada: (25, 15) 
Caminho: [(29, 6), (29, 7), (28, 7), (27, 7), (26, 7), (25, 7), (25, 8), (25, 9), (25, 10), (25, 11), (25, 12), (25, 13), (25, 14), (25, 15)] 
Custo: 107 
Nos Gerados: 39 
Nos Visitados: 14 
Funcao de Custo: 4 
 Heuristica: Manhattan

A*:
Inicio: (4, 13) 
Chegada: (18, 11) 
Caminho: [(4, 13), (4, 12), (4, 11), (5, 11), (6, 11), (7, 11), (8, 11), (9, 11), (10, 11), (11, 11), (12, 11), (13, 11), (14, 11), (15, 11), (16, 11), (17, 11), (18, 11)] 
Custo: 160 
Nos Gerados: 49 
Nos Visitados: 17 
Funcao de Custo: 1 
 Heuristica: Manhattan

A*:
Inicio: (4, 13) 
Chegada: (18, 11) 
Caminho: [(4, 13), (5, 13), (6, 13), (7, 13), (8, 13), (9, 13), (10, 13), (11, 13), (12, 13), (13, 13), (14, 13), (15, 13), (16, 13), (17, 13), (18, 13), (18, 12), (18, 11)] 
Custo: 170 
Nos Gerados: 68 
Nos Visitados: 35 
Funcao de Custo: 2 
 Heuristica: Manhattan

A*:
Inicio: (4, 13) 
Chegada: (18, 11) 
Caminho: [(4, 13), (4, 12), (5, 12), (6, 12), (7, 12), (8, 12), (9, 12), (9, 11), (10, 11), (11, 11), (12, 11), (13, 11), (14, 11), (15, 11), (16, 11), (17, 11), (18, 11)] 
Custo: 160 
Nos Gerados: 47 
Nos Visitados: 17 
Funcao de Custo: 3 
 Heuristica: Manhattan

A*:
Inicio: (4, 13) 
Chegada: (18, 11) 
Caminho: [(4, 13), (4, 12), (5, 12), (6, 12), (7, 12), (8, 12), (9, 12), (9, 11), (10, 11), (11, 11), (12, 11), (13, 11), (14, 11), (15, 11), (16, 11), (17, 11), (18, 11)] 
Custo: 155 
Nos Gerados: 47 
Nos Visitados: 17 
Funcao de Custo: 4 
 Heuristica: Manhattan

A*:
Inicio: (24, 21) 
Chegada: (12, 8) 
Caminho: [(24, 21), (24, 20), (24, 19), (24, 18), (24, 17), (24, 16), (24, 15), (24, 14), (24, 13), (24, 12), (24, 11), (24, 10), (24, 9), (24, 8), (23, 8), (22, 8), (21, 8), (20, 8), (19, 8), (18, 8), (17, 8), (16, 8), (15, 8), (14, 8), (13, 8), (12, 8)] 
Custo: 250 
Nos Gerados: 76 
Nos Visitados: 26 
Funcao de Custo: 1 
 Heuristica: Manhattan

A*:
Inicio: (24, 21) 
Chegada: (12, 8) 
Caminho: [(24, 21), (23, 21), (22, 21), (21, 21), (20, 21), (19, 21), (18, 21), (17, 21), (16, 21), (15, 21), (14, 21), (13, 21), (12, 21), (12, 20), (12, 19), (12, 18), (12, 17), (12, 16), (12, 15), (12, 14), (12, 13), (12, 12), (12, 11), (12, 10), (12, 9), (12, 8)] 
Custo: 315 
Nos Gerados: 287 
Nos Visitados: 230 
Funcao de Custo: 2 
 Heuristica: Manhattan

A*:
Inicio: (24, 21) 
Chegada: (12, 8) 
Caminho: [(24, 21), (24, 20), (23, 20), (22, 20), (21, 20), (20, 20), (19, 20), (19, 19), (18, 19), (17, 19), (16, 19), (15, 19), (14, 19), (14, 18), (13, 18), (12, 18), (12, 17), (12, 16), (12, 15), (12, 14), (12, 13), (12, 12), (12, 11), (12, 10), (12, 9), (12, 8)] 
Custo: 277 
Nos Gerados: 228 
Nos Visitados: 160 
Funcao de Custo: 3 
 Heuristica: Manhattan

A*:
Inicio: (24, 21) 
Chegada: (12, 8) 
Caminho: [(24, 21), (24, 20), (23, 20), (22, 20), (21, 20), (20, 20), (19, 20), (19, 19), (19, 18), (19, 17), (19, 16), (19, 15), (19, 14), (19, 13), (19, 12), (19, 11), (19, 10), (19, 9), (18, 9), (17, 9), (16, 9), (15, 9), (14, 9), (14, 8), (13, 8), (12, 8)] 
Custo: 215 
Nos Gerados: 72 
Nos Visitados: 26 
Funcao de Custo: 4 
 Heuristica: Manhattan

A*:
Inicio: (0, 12) 
Chegada: (21, 27) 
Caminho: [(0, 12), (0, 13), (0, 14), (0, 15), (0, 16), (0, 17), (0, 18), (0, 19), (0, 20), (0, 21), (0, 22), (0, 23), (0, 24), (0, 25), (0, 26), (0, 27), (1, 27), (2, 27), (3, 27), (4, 27), (5, 27), (6, 27), (7, 27), (8, 27), (9, 27), (10, 27), (11, 27), (12, 27), (13, 27), (14, 27), (15, 27), (16, 27), (17, 27), (18, 27), (19, 27), (20, 27), (21, 27)] 
Custo: 360 
Nos Gerados: 93 
Nos Visitados: 37 
Funcao de Custo: 1 
 Heuristica: Manhattan

A*:
Inicio: (0, 12) 
Chegada: (21, 27) 
Caminho: [(0, 12), (1, 12), (2, 12), (3, 12), (4, 12), (5, 12), (6, 12), (7, 12), (8, 12), (9, 12), (10, 12), (11, 12), (12, 12), (13, 12), (14, 12), (15, 12), (16, 12), (17, 12), (18, 12), (19, 12), (20, 12), (21, 12), (21, 13), (21, 14), (21, 15), (21, 16), (21, 17), (21, 18), (21, 19), (21, 20), (21, 21), (21, 22), (21, 23), (21, 24), (21, 25), (21, 26), (21, 27)] 
Custo: 435 
Nos Gerados: 465 
Nos Visitados: 404 
Funcao de Custo: 2 
 Heuristica: Manhattan

A*:
Inicio: (0, 12) 
Chegada: (21, 27) 
Caminho: [(0, 12), (0, 13), (1, 13), (2, 13), (3, 13), (4, 13), (5, 13), (5, 14), (6, 14), (7, 14), (8, 14), (9, 14), (10, 14), (10, 15), (11, 15), (12, 15), (13, 15), (14, 15), (15, 15), (15, 16), (16, 16), (17, 16), (18, 16), (19, 16), (20, 16), (20, 17), (21, 17), (21, 18), (21, 19), (21, 20), (21, 21), (21, 22), (21, 23), (21, 24), (21, 25), (21, 26), (21, 27)] 
Custo: 389 
Nos Gerados: 357 
Nos Visitados: 263 
Funcao de Custo: 3 
 Heuristica: Manhattan

A*:
Inicio: (0, 12) 
Chegada: (21, 27) 
Caminho: [(0, 12), (0, 13), (1, 13), (2, 13), (3, 13), (4, 13), (5, 13), (5, 14), (5, 15), (5, 16), (5, 17), (5, 18), (5, 19), (5, 20), (5, 21), (5, 22), (5, 23), (5, 24), (6, 24), (7, 24), (8, 24), (9, 24), (10, 24), (10, 25), (10, 26), (10, 27), (11, 27), (12, 27), (13, 27), (14, 27), (15, 27), (16, 27), (17, 27), (18, 27), (19, 27), (20, 27), (21, 27)] 
Custo: 318 
Nos Gerados: 103 
Nos Visitados: 37 
Funcao de Custo: 4 
 Heuristica: Manhattan

A*:
Inicio: (6, 15) 
Chegada: (23, 19) 
Caminho: [(6, 15), (6, 16), (6, 17), (6, 18), (6, 19), (7, 19), (8, 19), (9, 19), (10, 19), (11, 19), (12, 19), (13, 19), (14, 19), (15, 19), (16, 19), (17, 19), (18, 19), (19, 19), (20, 19), (21, 19), (22, 19), (23, 19)] 
Custo: 210 
Nos Gerados: 64 
Nos Visitados: 22 
Funcao de Custo: 1 
 Heuristica: Manhattan

A*:
Inicio: (6, 15) 
Chegada: (23, 19) 
Caminho: [(6, 15), (7, 15), (8, 15), (9, 15), (10, 15), (11, 15), (12, 15), (13, 15), (14, 15), (15, 15), (16, 15), (17, 15), (18, 15), (19, 15), (20, 15), (21, 15), (22, 15), (23, 15), (23, 16), (23, 17), (23, 18), (23, 19)] 
Custo: 230 
Nos Gerados: 137 
Nos Visitados: 91 
Funcao de Custo: 2 
 Heuristica: Manhattan

A*:
Inicio: (6, 15) 
Chegada: (23, 19) 
Caminho: [(6, 15), (6, 16), (7, 16), (8, 16), (9, 16), (10, 16), (11, 16), (11, 17), (12, 17), (13, 17), (14, 17), (15, 17), (16, 17), (16, 18), (17, 18), (18, 18), (19, 18), (20, 18), (21, 18), (21, 19), (22, 19), (23, 19)] 
Custo: 210 
Nos Gerados: 58 
Nos Visitados: 22 
Funcao de Custo: 3 
 Heuristica: Manhattan

A*:
Inicio: (6, 15) 
Chegada: (23, 19) 
Caminho: [(6, 15), (6, 16), (7, 16), (8, 16), (9, 16), (10, 16), (11, 16), (11, 17), (11, 18), (11, 19), (12, 19), (13, 19), (14, 19), (15, 19), (16, 19), (17, 19), (18, 19), (19, 19), (20, 19), (21, 19), (22, 19), (23, 19)] 
Custo: 202 
Nos Gerados: 62 
Nos Visitados: 22 
Funcao de Custo: 4 
 Heuristica: Manhattan

A*:
Inicio: (16, 29) 
Chegada: (19, 3) 
Caminho: [(16, 29), (16, 28), (16, 27), (16, 26), (16, 25), (16, 24), (16, 23), (16, 22), (16, 21), (16, 20), (16, 19), (16, 18), (16, 17), (16, 16), (16, 15), (16, 14), (16, 13), (16, 12), (16, 11), (16, 10), (16, 9), (16, 8), (16, 7), (16, 6), (16, 5), (16, 4), (16, 3), (17, 3), (18, 3), (19, 3)] 
Custo: 290 
Nos Gerados: 88 
Nos Visitados: 30 
Funcao de Custo: 1 
 Heuristica: Manhattan

A*:
Inicio: (16, 29) 
Chegada: (19, 3) 
Caminho: [(16, 29), (17, 29), (18, 29), (19, 29), (19, 28), (19, 27), (19, 26), (19, 25), (19, 24), (19, 23), (19, 22), (19, 21), (19, 20), (19, 19), (19, 18), (19, 17), (19, 16), (19, 15), (19, 14), (19, 13), (19, 12), (19, 11), (19, 10), (19, 9), (19, 8), (19, 7), (19, 6), (19, 5), (19, 4), (19, 3)] 
Custo: 420 
Nos Gerados: 323 
Nos Visitados: 265 
Funcao de Custo: 2 
 Heuristica: Manhattan

A*:
Inicio: (16, 29) 
Chegada: (19, 3) 
Caminho: [(16, 29), (16, 28), (17, 28), (18, 28), (19, 28), (19, 27), (19, 26), (19, 25), (19, 24), (19, 23), (19, 22), (19, 21), (19, 20), (19, 19), (19, 18), (19, 17), (19, 16), (19, 15), (19, 14), (19, 13), (19, 12), (19, 11), (19, 10), (19, 9), (19, 8), (19, 7), (19, 6), (19, 5), (19, 4), (19, 3)] 
Custo: 348 
Nos Gerados: 202 
Nos Visitados: 141 
Funcao de Custo: 3 
 Heuristica: Manhattan

A*:
Inicio: (16, 29) 
Chegada: (19, 3) 
Caminho: [(16, 29), (16, 28), (17, 28), (18, 28), (19, 28), (19, 27), (19, 26), (19, 25), (19, 24), (19, 23), (19, 22), (19, 21), (19, 20), (19, 19), (19, 18), (19, 17), (19, 16), (19, 15), (19, 14), (19, 13), (19, 12), (19, 11), (19, 10), (19, 9), (19, 8), (19, 7), (19, 6), (19, 5), (19, 4), (19, 3)] 
Custo: 264 
Nos Gerados: 87 
Nos Visitados: 30 
Funcao de Custo: 4 
 Heuristica: Manhattan

A*:
Inicio: (12, 15) 
Chegada: (10, 16) 
Caminho: [(12, 15), (12, 16), (11, 16), (10, 16)] 
Custo: 30 
Nos Gerados: 10 
Nos Visitados: 4 
Funcao de Custo: 1 
 Heuristica: Manhattan

A*:
Inicio: (12, 15) 
Chegada: (10, 16) 
Caminho: [(12, 15), (11, 15), (10, 15), (10, 16)] 
Custo: 35 
Nos Gerados: 11 
Nos Visitados: 4 
Funcao de Custo: 2 
 Heuristica: Manhattan

A*:
Inicio: (12, 15) 
Chegada: (10, 16) 
Caminho: [(12, 15), (12, 16), (11, 16), (10, 16)] 
Custo: 30 
Nos Gerados: 10 
Nos Visitados: 4 
Funcao de Custo: 3 
 Heuristica: Manhattan

A*:
Inicio: (12, 15) 
Chegada: (10, 16) 
Caminho: [(12, 15), (12, 16), (11, 16), (10, 16)] 
Custo: 25 
Nos Gerados: 10 
Nos Visitados: 4 
Funcao de Custo: 4 
 Heuristica: Manhattan

A*:
Inicio: (2, 21) 
Chegada: (12, 3) 
Caminho: [(2, 21), (2, 20), (2, 19), (2, 18), (2, 17), (2, 16), (2, 15), (2, 14), (2, 13), (2, 12), (2, 11), (2, 10), (2, 9), (2, 8), (2, 7), (2, 6), (2, 5), (2, 4), (2, 3), (3, 3), (4, 3), (5, 3), (6, 3), (7, 3), (8, 3), (9, 3), (10, 3), (11, 3), (12, 3)] 
Custo: 280 
Nos Gerados: 85 
Nos Visitados: 29 
Funcao de Custo: 1 
 Heuristica: Manhattan

A*:
Inicio: (2, 21) 
Chegada: (12, 3) 
Caminho: [(2, 21), (3, 21), (4, 21), (5, 21), (6, 21), (7, 21), (8, 21), (9, 21), (10, 21), (11, 21), (12, 21), (12, 20), (12, 19), (12, 18), (12, 17), (12, 16), (12, 15), (12, 14), (12, 13), (12, 12), (12, 11), (12, 10), (12, 9), (12, 8), (12, 7), (12, 6), (12, 5), (12, 4), (12, 3)] 
Custo: 370 
Nos Gerados: 357 
Nos Visitados: 303 
Funcao de Custo: 2 
 Heuristica: Manhattan

A*:
Inicio: (2, 21) 
Chegada: (12, 3) 
Caminho: [(2, 21), (2, 20), (3, 20), (4, 20), (5, 20), (6, 20), (7, 20), (7, 19), (8, 19), (9, 19), (10, 19), (11, 19), (12, 19), (12, 18), (12, 17), (12, 16), (12, 15), (12, 14), (12, 13), (12, 12), (12, 11), (12, 10), (12, 9), (12, 8), (12, 7), (12, 6), (12, 5), (12, 4), (12, 3)] 
Custo: 316 
Nos Gerados: 265 
Nos Visitados: 191 
Funcao de Custo: 3 
 Heuristica: Manhattan

A*:
Inicio: (2, 21) 
Chegada: (12, 3) 
Caminho: [(2, 21), (2, 20), (3, 20), (4, 20), (5, 20), (6, 20), (7, 20), (7, 19), (7, 18), (7, 17), (7, 16), (7, 15), (7, 14), (7, 13), (7, 12), (7, 11), (7, 10), (7, 9), (8, 9), (9, 9), (10, 9), (11, 9), (12, 9), (12, 8), (12, 7), (12, 6), (12, 5), (12, 4), (12, 3)] 
Custo: 235 
Nos Gerados: 82 
Nos Visitados: 29 
Funcao de Custo: 4 
 Heuristica: Manhattan

A*:
Inicio: (9, 16) 
Chegada: (15, 21) 
Caminho: [(9, 16), (9, 17), (9, 18), (9, 19), (9, 20), (9, 21), (10, 21), (11, 21), (12, 21), (13, 21), (14, 21), (15, 21)] 
Custo: 110 
Nos Gerados: 34 
Nos Visitados: 12 
Funcao de Custo: 1 
 Heuristica: Manhattan

A*:
Inicio: (9, 16) 
Chegada: (15, 21) 
Caminho: [(9, 16), (10, 16), (11, 16), (12, 16), (13, 16), (14, 16), (15, 16), (15, 17), (15, 18), (15, 19), (15, 20), (15, 21)] 
Custo: 135 
Nos Gerados: 66 
Nos Visitados: 41 
Funcao de Custo: 2 
 Heuristica: Manhattan

A*:
Inicio: (9, 16) 
Chegada: (15, 21) 
Caminho: [(9, 16), (9, 17), (10, 17), (11, 17), (12, 17), (13, 17), (14, 17), (14, 18), (15, 18), (15, 19), (15, 20), (15, 21)] 
Custo: 119 
Nos Gerados: 52 
Nos Visitados: 29 
Funcao de Custo: 3 
 Heuristica: Manhattan

A*:
Inicio: (9, 16) 
Chegada: (15, 21) 
Caminho: [(9, 16), (9, 17), (10, 17), (11, 17), (12, 17), (13, 17), (14, 17), (14, 18), (14, 19), (14, 20), (14, 21), (15, 21)] 
Custo: 99 
Nos Gerados: 33 
Nos Visitados: 12 
Funcao de Custo: 4 
 Heuristica: Manhattan

A*:
Inicio: (4, 12) 
Chegada: (12, 26) 
Caminho: [(4, 12), (4, 13), (4, 14), (4, 15), (4, 16), (4, 17), (4, 18), (4, 19), (4, 20), (4, 21), (4, 22), (4, 23), (4, 24), (4, 25), (4, 26), (5, 26), (6, 26), (7, 26), (8, 26), (9, 26), (10, 26), (11, 26), (12, 26)] 
Custo: 220 
Nos Gerados: 67 
Nos Visitados: 23 
Funcao de Custo: 1 
 Heuristica: Manhattan

A*:
Inicio: (4, 12) 
Chegada: (12, 26) 
Caminho: [(4, 12), (5, 12), (6, 12), (7, 12), (8, 12), (9, 12), (10, 12), (11, 12), (12, 12), (12, 13), (12, 14), (12, 15), (12, 16), (12, 17), (12, 18), (12, 19), (12, 20), (12, 21), (12, 22), (12, 23), (12, 24), (12, 25), (12, 26)] 
Custo: 290 
Nos Gerados: 242 
Nos Visitados: 191 
Funcao de Custo: 2 
 Heuristica: Manhattan

A*:
Inicio: (4, 12) 
Chegada: (12, 26) 
Caminho: [(4, 12), (4, 13), (5, 13), (6, 13), (7, 13), (8, 13), (9, 13), (9, 14), (10, 14), (11, 14), (12, 14), (12, 15), (12, 16), (12, 17), (12, 18), (12, 19), (12, 20), (12, 21), (12, 22), (12, 23), (12, 24), (12, 25), (12, 26)] 
Custo: 250 
Nos Gerados: 183 
Nos Visitados: 128 
Funcao de Custo: 3 
 Heuristica: Manhattan

A*:
Inicio: (4, 12) 
Chegada: (12, 26) 
Caminho: [(4, 12), (4, 13), (5, 13), (6, 13), (7, 13), (8, 13), (9, 13), (9, 14), (9, 15), (9, 16), (9, 17), (9, 18), (9, 19), (9, 20), (9, 21), (9, 22), (9, 23), (9, 24), (10, 24), (11, 24), (12, 24), (12, 25), (12, 26)] 
Custo: 199 
Nos Gerados: 82 
Nos Visitados: 37 
Funcao de Custo: 4 
 Heuristica: Manhattan

A*:
Inicio: (14, 14) 
Chegada: (4, 0) 
Caminho: [(14, 14), (14, 13), (14, 12), (14, 11), (14, 10), (14, 9), (14, 8), (14, 7), (14, 6), (14, 5), (14, 4), (14, 3), (14, 2), (14, 1), (14, 0), (13, 0), (12, 0), (11, 0), (10, 0), (9, 0), (8, 0), (7, 0), (6, 0), (5, 0), (4, 0)] 
Custo: 240 
Nos Gerados: 63 
Nos Visitados: 25 
Funcao de Custo: 1 
 Heuristica: Manhattan

A*:
Inicio: (14, 14) 
Chegada: (4, 0) 
Caminho: [(14, 14), (13, 14), (12, 14), (11, 14), (10, 14), (9, 14), (8, 14), (7, 14), (6, 14), (5, 14), (4, 14), (4, 13), (4, 12), (4, 11), (4, 10), (4, 9), (4, 8), (4, 7), (4, 6), (4, 5), (4, 4), (4, 3), (4, 2), (4, 1), (4, 0)] 
Custo: 310 
Nos Gerados: 273 
Nos Visitados: 224 
Funcao de Custo: 2 
 Heuristica: Manhattan

A*:
Inicio: (14, 14) 
Chegada: (4, 0) 
Caminho: [(14, 14), (14, 13), (13, 13), (12, 13), (11, 13), (10, 13), (9, 13), (9, 12), (8, 12), (7, 12), (6, 12), (5, 12), (4, 12), (4, 11), (4, 10), (4, 9), (4, 8), (4, 7), (4, 6), (4, 5), (4, 4), (4, 3), (4, 2), (4, 1), (4, 0)] 
Custo: 270 
Nos Gerados: 211 
Nos Visitados: 155 
Funcao de Custo: 3 
 Heuristica: Manhattan

A*:
Inicio: (14, 14) 
Chegada: (4, 0) 
Caminho: [(14, 14), (14, 13), (13, 13), (12, 13), (11, 13), (10, 13), (9, 13), (9, 12), (9, 11), (9, 10), (9, 9), (9, 8), (9, 7), (9, 6), (9, 5), (9, 4), (9, 3), (9, 2), (8, 2), (7, 2), (6, 2), (5, 2), (4, 2), (4, 1), (4, 0)] 
Custo: 201 
Nos Gerados: 70 
Nos Visitados: 25 
Funcao de Custo: 4 
 Heuristica: Manhattan

A*:
Inicio: (18, 13) 
Chegada: (20, 17) 
Caminho: [(18, 13), (18, 14), (18, 15), (18, 16), (18, 17), (19, 17), (20, 17)] 
Custo: 60 
Nos Gerados: 19 
Nos Visitados: 7 
Funcao de Custo: 1 
 Heuristica: Manhattan

A*:
Inicio: (18, 13) 
Chegada: (20, 17) 
Caminho: [(18, 13), (19, 13), (20, 13), (20, 14), (20, 15), (20, 16), (20, 17)] 
Custo: 80 
Nos Gerados: 29 
Nos Visitados: 15 
Funcao de Custo: 2 
 Heuristica: Manhattan

A*:
Inicio: (18, 13) 
Chegada: (20, 17) 
Caminho: [(18, 13), (18, 14), (19, 14), (20, 14), (20, 15), (20, 16), (20, 17)] 
Custo: 66 
Nos Gerados: 21 
Nos Visitados: 10 
Funcao de Custo: 3 
 Heuristica: Manhattan

A*:
Inicio: (18, 13) 
Chegada: (20, 17) 
Caminho: [(18, 13), (18, 14), (19, 14), (20, 14), (20, 15), (20, 16), (20, 17)] 
Custo: 61 
Nos Gerados: 21 
Nos Visitados: 10 
Funcao de Custo: 4 
 Heuristica: Manhattan

A*:
Inicio: (30, 17) 
Chegada: (26, 4) 
Caminho: [(30, 17), (30, 16), (30, 15), (30, 14), (30, 13), (30, 12), (30, 11), (30, 10), (30, 9), (30, 8), (30, 7), (30, 6), (30, 5), (30, 4), (29, 4), (28, 4), (27, 4), (26, 4)] 
Custo: 170 
Nos Gerados: 38 
Nos Visitados: 18 
Funcao de Custo: 1 
 Heuristica: Manhattan

A*:
Inicio: (30, 17) 
Chegada: (26, 4) 
Caminho: [(30, 17), (29, 17), (28, 17), (27, 17), (26, 17), (26, 16), (26, 15), (26, 14), (26, 13), (26, 12), (26, 11), (26, 10), (26, 9), (26, 8), (26, 7), (26, 6), (26, 5), (26, 4)] 
Custo: 235 
Nos Gerados: 124 
Nos Visitados: 99 
Funcao de Custo: 2 
 Heuristica: Manhattan

A*:
Inicio: (30, 17) 
Chegada: (26, 4) 
Caminho: [(30, 17), (30, 16), (29, 16), (28, 16), (27, 16), (26, 16), (26, 15), (26, 14), (26, 13), (26, 12), (26, 11), (26, 10), (26, 9), (26, 8), (26, 7), (26, 6), (26, 5), (26, 4)] 
Custo: 196 
Nos Gerados: 96 
Nos Visitados: 63 
Funcao de Custo: 3 
 Heuristica: Manhattan

A*:
Inicio: (30, 17) 
Chegada: (26, 4) 
Caminho: [(30, 17), (30, 16), (29, 16), (28, 16), (27, 16), (26, 16), (26, 15), (26, 14), (26, 13), (26, 12), (26, 11), (26, 10), (26, 9), (26, 8), (26, 7), (26, 6), (26, 5), (26, 4)] 
Custo: 141 
Nos Gerados: 49 
Nos Visitados: 18 
Funcao de Custo: 4 
 Heuristica: Manhattan

A*:
Inicio: (21, 25) 
Chegada: (13, 29) 
Caminho: [(21, 25), (21, 26), (21, 27), (21, 28), (21, 29), (20, 29), (19, 29), (18, 29), (17, 29), (16, 29), (15, 29), (14, 29), (13, 29)] 
Custo: 120 
Nos Gerados: 37 
Nos Visitados: 13 
Funcao de Custo: 1 
 Heuristica: Manhattan

A*:
Inicio: (21, 25) 
Chegada: (13, 29) 
Caminho: [(21, 25), (20, 25), (19, 25), (18, 25), (17, 25), (16, 25), (15, 25), (14, 25), (13, 25), (13, 26), (13, 27), (13, 28), (13, 29)] 
Custo: 140 
Nos Gerados: 70 
Nos Visitados: 44 
Funcao de Custo: 2 
 Heuristica: Manhattan

A*:
Inicio: (21, 25) 
Chegada: (13, 29) 
Caminho: [(21, 25), (21, 26), (20, 26), (19, 26), (18, 26), (17, 26), (16, 26), (16, 27), (15, 27), (14, 27), (13, 27), (13, 28), (13, 29)] 
Custo: 129 
Nos Gerados: 56 
Nos Visitados: 32 
Funcao de Custo: 3 
 Heuristica: Manhattan

A*:
Inicio: (21, 25) 
Chegada: (13, 29) 
Caminho: [(21, 25), (21, 26), (20, 26), (19, 26), (18, 26), (17, 26), (16, 26), (16, 27), (16, 28), (16, 29), (15, 29), (14, 29), (13, 29)] 
Custo: 112 
Nos Gerados: 35 
Nos Visitados: 13 
Funcao de Custo: 4 
 Heuristica: Manhattan

A*:
Inicio: (30, 8) 
Chegada: (5, 15) 
Caminho: [(30, 8), (30, 9), (30, 10), (30, 11), (30, 12), (30, 13), (30, 14), (30, 15), (29, 15), (28, 15), (27, 15), (26, 15), (25, 15), (24, 15), (23, 15), (22, 15), (21, 15), (20, 15), (19, 15), (18, 15), (17, 15), (16, 15), (15, 15), (14, 15), (13, 15), (12, 15), (11, 15), (10, 15), (9, 15), (8, 15), (7, 15), (6, 15), (5, 15)] 
Custo: 320 
Nos Gerados: 89 
Nos Visitados: 33 
Funcao de Custo: 1 
 Heuristica: Manhattan

A*:
Inicio: (30, 8) 
Chegada: (5, 15) 
Caminho: [(30, 8), (29, 8), (28, 8), (27, 8), (26, 8), (25, 8), (24, 8), (23, 8), (22, 8), (21, 8), (20, 8), (19, 8), (18, 8), (17, 8), (16, 8), (15, 8), (14, 8), (13, 8), (12, 8), (11, 8), (10, 8), (9, 8), (8, 8), (7, 8), (6, 8), (5, 8), (5, 9), (5, 10), (5, 11), (5, 12), (5, 13), (5, 14), (5, 15)] 
Custo: 355 
Nos Gerados: 294 
Nos Visitados: 235 
Funcao de Custo: 2 
 Heuristica: Manhattan

A*:
Inicio: (30, 8) 
Chegada: (5, 15) 
Caminho: [(30, 8), (30, 9), (29, 9), (28, 9), (27, 9), (26, 9), (25, 9), (25, 10), (24, 10), (23, 10), (22, 10), (21, 10), (20, 10), (20, 11), (19, 11), (18, 11), (17, 11), (16, 11), (15, 11), (15, 12), (14, 12), (13, 12), (12, 12), (11, 12), (10, 12), (10, 13), (9, 13), (8, 13), (7, 13), (6, 13), (5, 13), (5, 14), (5, 15)] 
Custo: 321 
Nos Gerados: 91 
Nos Visitados: 38 
Funcao de Custo: 3 
 Heuristica: Manhattan

A*:
Inicio: (30, 8) 
Chegada: (5, 15) 
Caminho: [(30, 8), (30, 9), (29, 9), (28, 9), (27, 9), (26, 9), (25, 9), (25, 10), (25, 11), (25, 12), (25, 13), (25, 14), (25, 15), (24, 15), (23, 15), (22, 15), (21, 15), (20, 15), (19, 15), (18, 15), (17, 15), (16, 15), (15, 15), (14, 15), (13, 15), (12, 15), (11, 15), (10, 15), (9, 15), (8, 15), (7, 15), (6, 15), (5, 15)] 
Custo: 300 
Nos Gerados: 93 
Nos Visitados: 33 
Funcao de Custo: 4 
 Heuristica: Manhattan

A*:
Inicio: (6, 26) 
Chegada: (30, 24) 
Caminho: [(6, 26), (6, 25), (6, 24), (7, 24), (8, 24), (9, 24), (10, 24), (11, 24), (12, 24), (13, 24), (14, 24), (15, 24), (16, 24), (17, 24), (18, 24), (19, 24), (20, 24), (21, 24), (22, 24), (23, 24), (24, 24), (25, 24), (26, 24), (27, 24), (28, 24), (29, 24), (30, 24)] 
Custo: 260 
Nos Gerados: 79 
Nos Visitados: 27 
Funcao de Custo: 1 
 Heuristica: Manhattan

A*:
Inicio: (6, 26) 
Chegada: (30, 24) 
Caminho: [(6, 26), (7, 26), (8, 26), (9, 26), (10, 26), (11, 26), (12, 26), (13, 26), (14, 26), (15, 26), (16, 26), (17, 26), (18, 26), (19, 26), (20, 26), (21, 26), (22, 26), (23, 26), (24, 26), (25, 26), (26, 26), (27, 26), (28, 26), (29, 26), (30, 26), (30, 25), (30, 24)] 
Custo: 270 
Nos Gerados: 110 
Nos Visitados: 59 
Funcao de Custo: 2 
 Heuristica: Manhattan

A*:
Inicio: (6, 26) 
Chegada: (30, 24) 
Caminho: [(6, 26), (6, 25), (7, 25), (8, 25), (9, 25), (10, 25), (11, 25), (11, 24), (12, 24), (13, 24), (14, 24), (15, 24), (16, 24), (17, 24), (18, 24), (19, 24), (20, 24), (21, 24), (22, 24), (23, 24), (24, 24), (25, 24), (26, 24), (27, 24), (28, 24), (29, 24), (30, 24)] 
Custo: 260 
Nos Gerados: 77 
Nos Visitados: 27 
Funcao de Custo: 3 
 Heuristica: Manhattan

A*:
Inicio: (6, 26) 
Chegada: (30, 24) 
Caminho: [(6, 26), (6, 25), (7, 25), (8, 25), (9, 25), (10, 25), (11, 25), (11, 24), (12, 24), (13, 24), (14, 24), (15, 24), (16, 24), (17, 24), (18, 24), (19, 24), (20, 24), (21, 24), (22, 24), (23, 24), (24, 24), (25, 24), (26, 24), (27, 24), (28, 24), (29, 24), (30, 24)] 
Custo: 255 
Nos Gerados: 77 
Nos Visitados: 27 
Funcao de Custo: 4 
 Heuristica: Manhattan

A*:
Inicio: (28, 12) 
Chegada: (12, 5) 
Caminho: [(28, 12), (28, 11), (28, 10), (28, 9), (28, 8), (28, 7), (28, 6), (28, 5), (27, 5), (26, 5), (25, 5), (24, 5), (23, 5), (22, 5), (21, 5), (20, 5), (19, 5), (18, 5), (17, 5), (16, 5), (15, 5), (14, 5), (13, 5), (12, 5)] 
Custo: 230 
Nos Gerados: 70 
Nos Visitados: 24 
Funcao de Custo: 1 
 Heuristica: Manhattan

A*:
Inicio: (28, 12) 
Chegada: (12, 5) 
Caminho: [(28, 12), (27, 12), (26, 12), (25, 12), (24, 12), (23, 12), (22, 12), (21, 12), (20, 12), (19, 12), (18, 12), (17, 12), (16, 12), (15, 12), (14, 12), (13, 12), (12, 12), (12, 11), (12, 10), (12, 9), (12, 8), (12, 7), (12, 6), (12, 5)] 
Custo: 265 
Nos Gerados: 195 
Nos Visitados: 145 
Funcao de Custo: 2 
 Heuristica: Manhattan

A*:
Inicio: (28, 12) 
Chegada: (12, 5) 
Caminho: [(28, 12), (28, 11), (27, 11), (26, 11), (25, 11), (24, 11), (23, 11), (23, 10), (22, 10), (21, 10), (20, 10), (19, 10), (18, 10), (18, 9), (17, 9), (16, 9), (15, 9), (14, 9), (13, 9), (13, 8), (12, 8), (12, 7), (12, 6), (12, 5)] 
Custo: 239 
Nos Gerados: 117 
Nos Visitados: 67 
Funcao de Custo: 3 
 Heuristica: Manhattan

A*:
Inicio: (28, 12) 
Chegada: (12, 5) 
Caminho: [(28, 12), (28, 11), (27, 11), (26, 11), (25, 11), (24, 11), (23, 11), (23, 10), (23, 9), (23, 8), (23, 7), (23, 6), (23, 5), (22, 5), (21, 5), (20, 5), (19, 5), (18, 5), (17, 5), (16, 5), (15, 5), (14, 5), (13, 5), (12, 5)] 
Custo: 210 
Nos Gerados: 68 
Nos Visitados: 24 
Funcao de Custo: 4 
 Heuristica: Manhattan

A*:
Inicio: (30, 24) 
Chegada: (8, 26) 
Caminho: [(30, 24), (30, 25), (30, 26), (29, 26), (28, 26), (27, 26), (26, 26), (25, 26), (24, 26), (23, 26), (22, 26), (21, 26), (20, 26), (19, 26), (18, 26), (17, 26), (16, 26), (15, 26), (14, 26), (13, 26), (12, 26), (11, 26), (10, 26), (9, 26), (8, 26)] 
Custo: 240 
Nos Gerados: 70 
Nos Visitados: 25 
Funcao de Custo: 1 
 Heuristica: Manhattan

A*:
Inicio: (30, 24) 
Chegada: (8, 26) 
Caminho: [(30, 24), (29, 24), (28, 24), (27, 24), (26, 24), (25, 24), (24, 24), (23, 24), (22, 24), (21, 24), (20, 24), (19, 24), (18, 24), (17, 24), (16, 24), (15, 24), (14, 24), (13, 24), (12, 24), (11, 24), (10, 24), (9, 24), (8, 24), (8, 25), (8, 26)] 
Custo: 250 
Nos Gerados: 100 
Nos Visitados: 53 
Funcao de Custo: 2 
 Heuristica: Manhattan

A*:
Inicio: (30, 24) 
Chegada: (8, 26) 
Caminho: [(30, 24), (30, 25), (29, 25), (28, 25), (27, 25), (26, 25), (25, 25), (25, 26), (24, 26), (23, 26), (22, 26), (21, 26), (20, 26), (19, 26), (18, 26), (17, 26), (16, 26), (15, 26), (14, 26), (13, 26), (12, 26), (11, 26), (10, 26), (9, 26), (8, 26)] 
Custo: 240 
Nos Gerados: 69 
Nos Visitados: 25 
Funcao de Custo: 3 
 Heuristica: Manhattan

A*:
Inicio: (30, 24) 
Chegada: (8, 26) 
Caminho: [(30, 24), (30, 25), (29, 25), (28, 25), (27, 25), (26, 25), (25, 25), (25, 26), (24, 26), (23, 26), (22, 26), (21, 26), (20, 26), (19, 26), (18, 26), (17, 26), (16, 26), (15, 26), (14, 26), (13, 26), (12, 26), (11, 26), (10, 26), (9, 26), (8, 26)] 
Custo: 235 
Nos Gerados: 69 
Nos Visitados: 25 
Funcao de Custo: 4 
 Heuristica: Manhattan

A*:
Inicio: (8, 29) 
Chegada: (8, 22) 
Caminho: [(8, 29), (8, 28), (8, 27), (8, 26), (8, 25), (8, 24), (8, 23), (8, 22)] 
Custo: 70 
Nos Gerados: 23 
Nos Visitados: 8 
Funcao de Custo: 1 
 Heuristica: Manhattan

A*:
Inicio: (8, 29) 
Chegada: (8, 22) 
Caminho: [(8, 29), (8, 28), (8, 27), (8, 26), (8, 25), (8, 24), (8, 23), (8, 22)] 
Custo: 105 
Nos Gerados: 31 
Nos Visitados: 15 
Funcao de Custo: 2 
 Heuristica: Manhattan

A*:
Inicio: (8, 29) 
Chegada: (8, 22) 
Caminho: [(8, 29), (8, 28), (8, 27), (8, 26), (8, 25), (8, 24), (8, 23), (8, 22)] 
Custo: 85 
Nos Gerados: 23 
Nos Visitados: 8 
Funcao de Custo: 3 
 Heuristica: Manhattan

A*:
Inicio: (8, 29) 
Chegada: (8, 22) 
Caminho: [(8, 29), (8, 28), (8, 27), (8, 26), (8, 25), (8, 24), (8, 23), (8, 22)] 
Custo: 80 
Nos Gerados: 23 
Nos Visitados: 8 
Funcao de Custo: 4 
 Heuristica: Manhattan

A*:
Inicio: (3, 16) 
Chegada: (1, 18) 
Caminho: [(3, 16), (3, 17), (3, 18), (2, 18), (1, 18)] 
Custo: 40 
Nos Gerados: 13 
Nos Visitados: 5 
Funcao de Custo: 1 
 Heuristica: Manhattan

A*:
Inicio: (3, 16) 
Chegada: (1, 18) 
Caminho: [(3, 16), (2, 16), (1, 16), (1, 17), (1, 18)] 
Custo: 50 
Nos Gerados: 19 
Nos Visitados: 9 
Funcao de Custo: 2 
 Heuristica: Manhattan

A*:
Inicio: (3, 16) 
Chegada: (1, 18) 
Caminho: [(3, 16), (3, 17), (2, 17), (1, 17), (1, 18)] 
Custo: 43 
Nos Gerados: 14 
Nos Visitados: 6 
Funcao de Custo: 3 
 Heuristica: Manhattan

A*:
Inicio: (3, 16) 
Chegada: (1, 18) 
Caminho: [(3, 16), (3, 17), (2, 17), (1, 17), (1, 18)] 
Custo: 38 
Nos Gerados: 13 
Nos Visitados: 5 
Funcao de Custo: 4 
 Heuristica: Manhattan

A*:
Inicio: (27, 17) 
Chegada: (18, 2) 
Caminho: [(27, 17), (27, 16), (27, 15), (27, 14), (27, 13), (27, 12), (27, 11), (27, 10), (27, 9), (27, 8), (27, 7), (27, 6), (27, 5), (27, 4), (27, 3), (27, 2), (26, 2), (25, 2), (24, 2), (23, 2), (22, 2), (21, 2), (20, 2), (19, 2), (18, 2)] 
Custo: 240 
Nos Gerados: 73 
Nos Visitados: 25 
Funcao de Custo: 1 
 Heuristica: Manhattan

A*:
Inicio: (27, 17) 
Chegada: (18, 2) 
Caminho: [(27, 17), (26, 17), (25, 17), (24, 17), (23, 17), (22, 17), (21, 17), (20, 17), (19, 17), (18, 17), (18, 16), (18, 15), (18, 14), (18, 13), (18, 12), (18, 11), (18, 10), (18, 9), (18, 8), (18, 7), (18, 6), (18, 5), (18, 4), (18, 3), (18, 2)] 
Custo: 315 
Nos Gerados: 290 
Nos Visitados: 237 
Funcao de Custo: 2 
 Heuristica: Manhattan

A*:
Inicio: (27, 17) 
Chegada: (18, 2) 
Caminho: [(27, 17), (27, 16), (26, 16), (25, 16), (24, 16), (23, 16), (22, 16), (22, 15), (21, 15), (20, 15), (19, 15), (18, 15), (18, 14), (18, 13), (18, 12), (18, 11), (18, 10), (18, 9), (18, 8), (18, 7), (18, 6), (18, 5), (18, 4), (18, 3), (18, 2)] 
Custo: 275 
Nos Gerados: 224 
Nos Visitados: 162 
Funcao de Custo: 3 
 Heuristica: Manhattan

A*:
Inicio: (27, 17) 
Chegada: (18, 2) 
Caminho: [(27, 17), (27, 16), (26, 16), (25, 16), (24, 16), (23, 16), (22, 16), (22, 15), (22, 14), (22, 13), (22, 12), (22, 11), (22, 10), (22, 9), (22, 8), (22, 7), (22, 6), (22, 5), (21, 5), (20, 5), (19, 5), (18, 5), (18, 4), (18, 3), (18, 2)] 
Custo: 206 
Nos Gerados: 84 
Nos Visitados: 37 
Funcao de Custo: 4 
 Heuristica: Manhattan

A*:
Inicio: (24, 21) 
Chegada: (27, 0) 
Caminho: [(24, 21), (24, 20), (24, 19), (24, 18), (24, 17), (24, 16), (24, 15), (24, 14), (24, 13), (24, 12), (24, 11), (24, 10), (24, 9), (24, 8), (24, 7), (24, 6), (24, 5), (24, 4), (24, 3), (24, 2), (24, 1), (24, 0), (25, 0), (26, 0), (27, 0)] 
Custo: 240 
Nos Gerados: 70 
Nos Visitados: 25 
Funcao de Custo: 1 
 Heuristica: Manhattan

A*:
Inicio: (24, 21) 
Chegada: (27, 0) 
Caminho: [(24, 21), (25, 21), (26, 21), (27, 21), (27, 20), (27, 19), (27, 18), (27, 17), (27, 16), (27, 15), (27, 14), (27, 13), (27, 12), (27, 11), (27, 10), (27, 9), (27, 8), (27, 7), (27, 6), (27, 5), (27, 4), (27, 3), (27, 2), (27, 1), (27, 0)] 
Custo: 345 
Nos Gerados: 247 
Nos Visitados: 200 
Funcao de Custo: 2 
 Heuristica: Manhattan

A*:
Inicio: (24, 21) 
Chegada: (27, 0) 
Caminho: [(24, 21), (24, 20), (25, 20), (26, 20), (27, 20), (27, 19), (27, 18), (27, 17), (27, 16), (27, 15), (27, 14), (27, 13), (27, 12), (27, 11), (27, 10), (27, 9), (27, 8), (27, 7), (27, 6), (27, 5), (27, 4), (27, 3), (27, 2), (27, 1), (27, 0)] 
Custo: 288 
Nos Gerados: 165 
Nos Visitados: 112 
Funcao de Custo: 3 
 Heuristica: Manhattan

A*:
Inicio: (24, 21) 
Chegada: (27, 0) 
Caminho: [(24, 21), (24, 20), (25, 20), (26, 20), (27, 20), (27, 19), (27, 18), (27, 17), (27, 16), (27, 15), (27, 14), (27, 13), (27, 12), (27, 11), (27, 10), (27, 9), (27, 8), (27, 7), (27, 6), (27, 5), (27, 4), (27, 3), (27, 2), (27, 1), (27, 0)] 
Custo: 219 
Nos Gerados: 72 
Nos Visitados: 25 
Funcao de Custo: 4 
 Heuristica: Manhattan

A*:
Inicio: (13, 21) 
Chegada: (6, 11) 
Caminho: [(13, 21), (13, 20), (13, 19), (13, 18), (13, 17), (13, 16), (13, 15), (13, 14), (13, 13), (13, 12), (13, 11), (12, 11), (11, 11), (10, 11), (9, 11), (8, 11), (7, 11), (6, 11)] 
Custo: 170 
Nos Gerados: 52 
Nos Visitados: 18 
Funcao de Custo: 1 
 Heuristica: Manhattan

A*:
Inicio: (13, 21) 
Chegada: (6, 11) 
Caminho: [(13, 21), (12, 21), (11, 21), (10, 21), (9, 21), (8, 21), (7, 21), (6, 21), (6, 20), (6, 19), (6, 18), (6, 17), (6, 16), (6, 15), (6, 14), (6, 13), (6, 12), (6, 11)] 
Custo: 220 
Nos Gerados: 157 
Nos Visitados: 117 
Funcao de Custo: 2 
 Heuristica: Manhattan

A*:
Inicio: (13, 21) 
Chegada: (6, 11) 
Caminho: [(13, 21), (13, 20), (12, 20), (11, 20), (10, 20), (9, 20), (8, 20), (8, 19), (7, 19), (6, 19), (6, 18), (6, 17), (6, 16), (6, 15), (6, 14), (6, 13), (6, 12), (6, 11)] 
Custo: 192 
Nos Gerados: 127 
Nos Visitados: 81 
Funcao de Custo: 3 
 Heuristica: Manhattan

A*:
Inicio: (13, 21) 
Chegada: (6, 11) 
Caminho: [(13, 21), (13, 20), (12, 20), (11, 20), (10, 20), (9, 20), (8, 20), (8, 19), (8, 18), (8, 17), (8, 16), (8, 15), (8, 14), (8, 13), (8, 12), (8, 11), (7, 11), (6, 11)] 
Custo: 141 
Nos Gerados: 50 
Nos Visitados: 18 
Funcao de Custo: 4 
 Heuristica: Manhattan

A*:
Inicio: (22, 12) 
Chegada: (8, 27) 
Caminho: [(22, 12), (22, 13), (22, 14), (22, 15), (22, 16), (22, 17), (22, 18), (22, 19), (22, 20), (22, 21), (22, 22), (22, 23), (22, 24), (22, 25), (22, 26), (22, 27), (21, 27), (20, 27), (19, 27), (18, 27), (17, 27), (16, 27), (15, 27), (14, 27), (13, 27), (12, 27), (11, 27), (10, 27), (9, 27), (8, 27)] 
Custo: 290 
Nos Gerados: 88 
Nos Visitados: 30 
Funcao de Custo: 1 
 Heuristica: Manhattan

A*:
Inicio: (22, 12) 
Chegada: (8, 27) 
Caminho: [(22, 12), (21, 12), (20, 12), (19, 12), (18, 12), (17, 12), (16, 12), (15, 12), (14, 12), (13, 12), (12, 12), (11, 12), (10, 12), (9, 12), (8, 12), (8, 13), (8, 14), (8, 15), (8, 16), (8, 17), (8, 18), (8, 19), (8, 20), (8, 21), (8, 22), (8, 23), (8, 24), (8, 25), (8, 26), (8, 27)] 
Custo: 365 
Nos Gerados: 389 
Nos Visitados: 323 
Funcao de Custo: 2 
 Heuristica: Manhattan

A*:
Inicio: (22, 12) 
Chegada: (8, 27) 
Caminho: [(22, 12), (22, 13), (21, 13), (20, 13), (19, 13), (18, 13), (17, 13), (17, 14), (16, 14), (15, 14), (14, 14), (13, 14), (12, 14), (12, 15), (11, 15), (10, 15), (9, 15), (8, 15), (8, 16), (8, 17), (8, 18), (8, 19), (8, 20), (8, 21), (8, 22), (8, 23), (8, 24), (8, 25), (8, 26), (8, 27)] 
Custo: 320 
Nos Gerados: 279 
Nos Visitados: 201 
Funcao de Custo: 3 
 Heuristica: Manhattan

A*:
Inicio: (22, 12) 
Chegada: (8, 27) 
Caminho: [(22, 12), (22, 13), (21, 13), (20, 13), (19, 13), (18, 13), (17, 13), (17, 14), (17, 15), (17, 16), (17, 17), (17, 18), (17, 19), (17, 20), (17, 21), (17, 22), (17, 23), (17, 24), (16, 24), (15, 24), (14, 24), (13, 24), (12, 24), (12, 25), (12, 26), (12, 27), (11, 27), (10, 27), (9, 27), (8, 27)] 
Custo: 248 
Nos Gerados: 84 
Nos Visitados: 30 
Funcao de Custo: 4 
 Heuristica: Manhattan

A*:
Inicio: (1, 15) 
Chegada: (1, 1) 
Caminho: [(1, 15), (1, 14), (1, 13), (1, 12), (1, 11), (1, 10), (1, 9), (1, 8), (1, 7), (1, 6), (1, 5), (1, 4), (1, 3), (1, 2), (1, 1)] 
Custo: 140 
Nos Gerados: 44 
Nos Visitados: 15 
Funcao de Custo: 1 
 Heuristica: Manhattan

A*:
Inicio: (1, 15) 
Chegada: (1, 1) 
Caminho: [(1, 15), (1, 14), (1, 13), (1, 12), (1, 11), (1, 10), (1, 9), (1, 8), (1, 7), (1, 6), (1, 5), (1, 4), (1, 3), (1, 2), (1, 1)] 
Custo: 210 
Nos Gerados: 73 
Nos Visitados: 50 
Funcao de Custo: 2 
 Heuristica: Manhattan

A*:
Inicio: (1, 15) 
Chegada: (1, 1) 
Caminho: [(1, 15), (1, 14), (1, 13), (1, 12), (1, 11), (1, 10), (1, 9), (1, 8), (1, 7), (1, 6), (1, 5), (1, 4), (1, 3), (1, 2), (1, 1)] 
Custo: 171 
Nos Gerados: 51 
Nos Visitados: 24 
Funcao de Custo: 3 
 Heuristica: Manhattan

A*:
Inicio: (1, 15) 
Chegada: (1, 1) 
Caminho: [(1, 15), (1, 14), (1, 13), (1, 12), (1, 11), (1, 10), (1, 9), (1, 8), (1, 7), (1, 6), (1, 5), (1, 4), (1, 3), (1, 2), (1, 1)] 
Custo: 128 
Nos Gerados: 44 
Nos Visitados: 15 
Funcao de Custo: 4 
 Heuristica: Manhattan

A*:
Inicio: (15, 7) 
Chegada: (8, 8) 
Caminho: [(15, 7), (15, 8), (14, 8), (13, 8), (12, 8), (11, 8), (10, 8), (9, 8), (8, 8)] 
Custo: 80 
Nos Gerados: 25 
Nos Visitados: 9 
Funcao de Custo: 1 
 Heuristica: Manhattan

A*:
Inicio: (15, 7) 
Chegada: (8, 8) 
Caminho: [(15, 7), (14, 7), (13, 7), (12, 7), (11, 7), (10, 7), (9, 7), (8, 7), (8, 8)] 
Custo: 85 
Nos Gerados: 26 
Nos Visitados: 9 
Funcao de Custo: 2 
 Heuristica: Manhattan

A*:
Inicio: (15, 7) 
Chegada: (8, 8) 
Caminho: [(15, 7), (15, 8), (14, 8), (13, 8), (12, 8), (11, 8), (10, 8), (9, 8), (8, 8)] 
Custo: 80 
Nos Gerados: 25 
Nos Visitados: 9 
Funcao de Custo: 3 
 Heuristica: Manhattan

A*:
Inicio: (15, 7) 
Chegada: (8, 8) 
Caminho: [(15, 7), (15, 8), (14, 8), (13, 8), (12, 8), (11, 8), (10, 8), (9, 8), (8, 8)] 
Custo: 75 
Nos Gerados: 25 
Nos Visitados: 9 
Funcao de Custo: 4 
 Heuristica: Manhattan

A*:
Inicio: (6, 14) 
Chegada: (11, 19) 
Caminho: [(6, 14), (6, 15), (6, 16), (6, 17), (6, 18), (6, 19), (7, 19), (8, 19), (9, 19), (10, 19), (11, 19)] 
Custo: 100 
Nos Gerados: 31 
Nos Visitados: 11 
Funcao de Custo: 1 
 Heuristica: Manhattan

A*:
Inicio: (6, 14) 
Chegada: (11, 19) 
Caminho: [(6, 14), (7, 14), (8, 14), (9, 14), (10, 14), (11, 14), (11, 15), (11, 16), (11, 17), (11, 18), (11, 19)] 
Custo: 125 
Nos Gerados: 68 
Nos Visitados: 44 
Funcao de Custo: 2 
 Heuristica: Manhattan

A*:
Inicio: (6, 14) 
Chegada: (11, 19) 
Caminho: [(6, 14), (6, 15), (7, 15), (8, 15), (9, 15), (10, 15), (11, 15), (11, 16), (11, 17), (11, 18), (11, 19)] 
Custo: 106 
Nos Gerados: 45 
Nos Visitados: 23 
Funcao de Custo: 3 
 Heuristica: Manhattan

A*:
Inicio: (6, 14) 
Chegada: (11, 19) 
Caminho: [(6, 14), (6, 15), (7, 15), (8, 15), (9, 15), (10, 15), (11, 15), (11, 16), (11, 17), (11, 18), (11, 19)] 
Custo: 89 
Nos Gerados: 30 
Nos Visitados: 11 
Funcao de Custo: 4 
 Heuristica: Manhattan

A*:
Inicio: (5, 7) 
Chegada: (5, 20) 
Caminho: [(5, 7), (5, 8), (5, 9), (5, 10), (5, 11), (5, 12), (5, 13), (5, 14), (5, 15), (5, 16), (5, 17), (5, 18), (5, 19), (5, 20)] 
Custo: 130 
Nos Gerados: 41 
Nos Visitados: 14 
Funcao de Custo: 1 
 Heuristica: Manhattan

A*:
Inicio: (5, 7) 
Chegada: (5, 20) 
Caminho: [(5, 7), (5, 8), (5, 9), (5, 10), (5, 11), (5, 12), (5, 13), (5, 14), (5, 15), (5, 16), (5, 17), (5, 18), (5, 19), (5, 20)] 
Custo: 195 
Nos Gerados: 89 
Nos Visitados: 56 
Funcao de Custo: 2 
 Heuristica: Manhattan

A*:
Inicio: (5, 7) 
Chegada: (5, 20) 
Caminho: [(5, 7), (5, 8), (5, 9), (5, 10), (5, 11), (5, 12), (5, 13), (5, 14), (5, 15), (5, 16), (5, 17), (5, 18), (5, 19), (5, 20)] 
Custo: 160 
Nos Gerados: 52 
Nos Visitados: 23 
Funcao de Custo: 3 
 Heuristica: Manhattan

A*:
Inicio: (5, 7) 
Chegada: (5, 20) 
Caminho: [(5, 7), (5, 8), (5, 9), (5, 10), (5, 11), (5, 12), (5, 13), (5, 14), (5, 15), (5, 16), (5, 17), (5, 18), (5, 19), (5, 20)] 
Custo: 121 
Nos Gerados: 41 
Nos Visitados: 14 
Funcao de Custo: 4 
 Heuristica: Manhattan

A*:
Inicio: (24, 1) 
Chegada: (30, 8) 
Caminho: [(24, 1), (24, 2), (24, 3), (24, 4), (24, 5), (24, 6), (24, 7), (24, 8), (25, 8), (26, 8), (27, 8), (28, 8), (29, 8), (30, 8)] 
Custo: 130 
Nos Gerados: 40 
Nos Visitados: 14 
Funcao de Custo: 1 
 Heuristica: Manhattan

A*:
Inicio: (24, 1) 
Chegada: (30, 8) 
Caminho: [(24, 1), (25, 1), (26, 1), (27, 1), (28, 1), (29, 1), (30, 1), (30, 2), (30, 3), (30, 4), (30, 5), (30, 6), (30, 7), (30, 8)] 
Custo: 165 
Nos Gerados: 82 
Nos Visitados: 67 
Funcao de Custo: 2 
 Heuristica: Manhattan

A*:
Inicio: (24, 1) 
Chegada: (30, 8) 
Caminho: [(24, 1), (24, 2), (25, 2), (26, 2), (27, 2), (28, 2), (29, 2), (29, 3), (30, 3), (30, 4), (30, 5), (30, 6), (30, 7), (30, 8)] 
Custo: 144 
Nos Gerados: 66 
Nos Visitados: 41 
Funcao de Custo: 3 
 Heuristica: Manhattan

A*:
Inicio: (24, 1) 
Chegada: (30, 8) 
Caminho: [(24, 1), (24, 2), (25, 2), (26, 2), (27, 2), (28, 2), (29, 2), (29, 3), (29, 4), (29, 5), (29, 6), (29, 7), (29, 8), (30, 8)] 
Custo: 110 
Nos Gerados: 39 
Nos Visitados: 14 
Funcao de Custo: 4 
 Heuristica: Manhattan

A*:
Inicio: (26, 17) 
Chegada: (12, 29) 
Caminho: [(26, 17), (26, 18), (26, 19), (26, 20), (26, 21), (26, 22), (26, 23), (26, 24), (26, 25), (26, 26), (26, 27), (26, 28), (26, 29), (25, 29), (24, 29), (23, 29), (22, 29), (21, 29), (20, 29), (19, 29), (18, 29), (17, 29), (16, 29), (15, 29), (14, 29), (13, 29), (12, 29)] 
Custo: 260 
Nos Gerados: 79 
Nos Visitados: 27 
Funcao de Custo: 1 
 Heuristica: Manhattan

A*:
Inicio: (26, 17) 
Chegada: (12, 29) 
Caminho: [(26, 17), (25, 17), (24, 17), (23, 17), (22, 17), (21, 17), (20, 17), (19, 17), (18, 17), (17, 17), (16, 17), (15, 17), (14, 17), (13, 17), (12, 17), (12, 18), (12, 19), (12, 20), (12, 21), (12, 22), (12, 23), (12, 24), (12, 25), (12, 26), (12, 27), (12, 28), (12, 29)] 
Custo: 320 
Nos Gerados: 310 
Nos Visitados: 250 
Funcao de Custo: 2 
 Heuristica: Manhattan

A*:
Inicio: (26, 17) 
Chegada: (12, 29) 
Caminho: [(26, 17), (26, 18), (25, 18), (24, 18), (23, 18), (22, 18), (21, 18), (21, 19), (20, 19), (19, 19), (18, 19), (17, 19), (16, 19), (16, 20), (15, 20), (14, 20), (13, 20), (12, 20), (12, 21), (12, 22), (12, 23), (12, 24), (12, 25), (12, 26), (12, 27), (12, 28), (12, 29)] 
Custo: 281 
Nos Gerados: 208 
Nos Visitados: 132 
Funcao de Custo: 3 
 Heuristica: Manhattan

A*:
Inicio: (26, 17) 
Chegada: (12, 29) 
Caminho: [(26, 17), (26, 18), (25, 18), (24, 18), (23, 18), (22, 18), (21, 18), (21, 19), (21, 20), (21, 21), (21, 22), (21, 23), (21, 24), (21, 25), (21, 26), (21, 27), (21, 28), (21, 29), (20, 29), (19, 29), (18, 29), (17, 29), (16, 29), (15, 29), (14, 29), (13, 29), (12, 29)] 
Custo: 230 
Nos Gerados: 77 
Nos Visitados: 27 
Funcao de Custo: 4 
 Heuristica: Manhattan

A*:
Inicio: (9, 20) 
Chegada: (12, 19) 
Caminho: [(9, 20), (9, 19), (10, 19), (11, 19), (12, 19)] 
Custo: 40 
Nos Gerados: 13 
Nos Visitados: 5 
Funcao de Custo: 1 
 Heuristica: Manhattan

A*:
Inicio: (9, 20) 
Chegada: (12, 19) 
Caminho: [(9, 20), (10, 20), (11, 20), (12, 20), (12, 19)] 
Custo: 45 
Nos Gerados: 14 
Nos Visitados: 5 
Funcao de Custo: 2 
 Heuristica: Manhattan

A*:
Inicio: (9, 20) 
Chegada: (12, 19) 
Caminho: [(9, 20), (9, 19), (10, 19), (11, 19), (12, 19)] 
Custo: 40 
Nos Gerados: 13 
Nos Visitados: 5 
Funcao de Custo: 3 
 Heuristica: Manhattan

A*:
Inicio: (9, 20) 
Chegada: (12, 19) 
Caminho: [(9, 20), (9, 19), (10, 19), (11, 19), (12, 19)] 
Custo: 35 
Nos Gerados: 13 
Nos Visitados: 5 
Funcao de Custo: 4 
 Heuristica: Manhattan

A*:
Inicio: (29, 12) 
Chegada: (25, 18) 
Caminho: [(29, 12), (29, 13), (29, 14), (29, 15), (29, 16), (29, 17), (29, 18), (28, 18), (27, 18), (26, 18), (25, 18)] 
Custo: 100 
Nos Gerados: 31 
Nos Visitados: 11 
Funcao de Custo: 1 
 Heuristica: Manhattan

A*:
Inicio: (29, 12) 
Chegada: (25, 18) 
Caminho: [(29, 12), (28, 12), (27, 12), (26, 12), (25, 12), (25, 13), (25, 14), (25, 15), (25, 16), (25, 17), (25, 18)] 
Custo: 130 
Nos Gerados: 67 
Nos Visitados: 46 
Funcao de Custo: 2 
 Heuristica: Manhattan

A*:
Inicio: (29, 12) 
Chegada: (25, 18) 
Caminho: [(29, 12), (29, 13), (28, 13), (27, 13), (26, 13), (25, 13), (25, 14), (25, 15), (25, 16), (25, 17), (25, 18)] 
Custo: 107 
Nos Gerados: 44 
Nos Visitados: 21 
Funcao de Custo: 3 
 Heuristica: Manhattan

A*:
Inicio: (29, 12) 
Chegada: (25, 18) 
Caminho: [(29, 12), (29, 13), (28, 13), (27, 13), (26, 13), (25, 13), (25, 14), (25, 15), (25, 16), (25, 17), (25, 18)] 
Custo: 90 
Nos Gerados: 30 
Nos Visitados: 11 
Funcao de Custo: 4 
 Heuristica: Manhattan

A*:
Inicio: (16, 9) 
Chegada: (13, 16) 
Caminho: [(16, 9), (16, 10), (16, 11), (16, 12), (16, 13), (16, 14), (16, 15), (16, 16), (15, 16), (14, 16), (13, 16)] 
Custo: 100 
Nos Gerados: 31 
Nos Visitados: 11 
Funcao de Custo: 1 
 Heuristica: Manhattan

A*:
Inicio: (16, 9) 
Chegada: (13, 16) 
Caminho: [(16, 9), (15, 9), (14, 9), (13, 9), (13, 10), (13, 11), (13, 12), (13, 13), (13, 14), (13, 15), (13, 16)] 
Custo: 135 
Nos Gerados: 63 
Nos Visitados: 40 
Funcao de Custo: 2 
 Heuristica: Manhattan

A*:
Inicio: (16, 9) 
Chegada: (13, 16) 
Caminho: [(16, 9), (16, 10), (15, 10), (14, 10), (13, 10), (13, 11), (13, 12), (13, 13), (13, 14), (13, 15), (13, 16)] 
Custo: 109 
Nos Gerados: 37 
Nos Visitados: 17 
Funcao de Custo: 3 
 Heuristica: Manhattan

A*:
Inicio: (16, 9) 
Chegada: (13, 16) 
Caminho: [(16, 9), (16, 10), (15, 10), (14, 10), (13, 10), (13, 11), (13, 12), (13, 13), (13, 14), (13, 15), (13, 16)] 
Custo: 92 
Nos Gerados: 30 
Nos Visitados: 11 
Funcao de Custo: 4 
 Heuristica: Manhattan

A*:
Inicio: (7, 8) 
Chegada: (2, 20) 
Caminho: [(7, 8), (7, 9), (7, 10), (7, 11), (7, 12), (7, 13), (7, 14), (7, 15), (7, 16), (7, 17), (7, 18), (7, 19), (7, 20), (6, 20), (5, 20), (4, 20), (3, 20), (2, 20)] 
Custo: 170 
Nos Gerados: 52 
Nos Visitados: 18 
Funcao de Custo: 1 
 Heuristica: Manhattan

A*:
Inicio: (7, 8) 
Chegada: (2, 20) 
Caminho: [(7, 8), (6, 8), (5, 8), (4, 8), (3, 8), (2, 8), (2, 9), (2, 10), (2, 11), (2, 12), (2, 13), (2, 14), (2, 15), (2, 16), (2, 17), (2, 18), (2, 19), (2, 20)] 
Custo: 230 
Nos Gerados: 151 
Nos Visitados: 117 
Funcao de Custo: 2 
 Heuristica: Manhattan

A*:
Inicio: (7, 8) 
Chegada: (2, 20) 
Caminho: [(7, 8), (7, 9), (6, 9), (5, 9), (4, 9), (3, 9), (2, 9), (2, 10), (2, 11), (2, 12), (2, 13), (2, 14), (2, 15), (2, 16), (2, 17), (2, 18), (2, 19), (2, 20)] 
Custo: 195 
Nos Gerados: 118 
Nos Visitados: 73 
Funcao de Custo: 3 
 Heuristica: Manhattan

A*:
Inicio: (7, 8) 
Chegada: (2, 20) 
Caminho: [(7, 8), (7, 9), (6, 9), (5, 9), (4, 9), (3, 9), (2, 9), (2, 10), (2, 11), (2, 12), (2, 13), (2, 14), (2, 15), (2, 16), (2, 17), (2, 18), (2, 19), (2, 20)] 
Custo: 140 
Nos Gerados: 51 
Nos Visitados: 18 
Funcao de Custo: 4 
 Heuristica: Manhattan

A*:
Inicio: (4, 23) 
Chegada: (2, 28) 
Caminho: [(4, 23), (4, 24), (4, 25), (4, 26), (4, 27), (4, 28), (3, 28), (2, 28)] 
Custo: 70 
Nos Gerados: 22 
Nos Visitados: 8 
Funcao de Custo: 1 
 Heuristica: Manhattan

A*:
Inicio: (4, 23) 
Chegada: (2, 28) 
Caminho: [(4, 23), (3, 23), (2, 23), (2, 24), (2, 25), (2, 26), (2, 27), (2, 28)] 
Custo: 95 
Nos Gerados: 41 
Nos Visitados: 23 
Funcao de Custo: 2 
 Heuristica: Manhattan

A*:
Inicio: (4, 23) 
Chegada: (2, 28) 
Caminho: [(4, 23), (4, 24), (3, 24), (2, 24), (2, 25), (2, 26), (2, 27), (2, 28)] 
Custo: 76 
Nos Gerados: 24 
Nos Visitados: 11 
Funcao de Custo: 3 
 Heuristica: Manhattan

A*:
Inicio: (4, 23) 
Chegada: (2, 28) 
Caminho: [(4, 23), (4, 24), (3, 24), (2, 24), (2, 25), (2, 26), (2, 27), (2, 28)] 
Custo: 71 
Nos Gerados: 24 
Nos Visitados: 11 
Funcao de Custo: 4 
 Heuristica: Manhattan

A*:
Inicio: (18, 15) 
Chegada: (11, 19) 
Caminho: [(18, 15), (18, 16), (18, 17), (18, 18), (18, 19), (17, 19), (16, 19), (15, 19), (14, 19), (13, 19), (12, 19), (11, 19)] 
Custo: 110 
Nos Gerados: 34 
Nos Visitados: 12 
Funcao de Custo: 1 
 Heuristica: Manhattan

A*:
Inicio: (18, 15) 
Chegada: (11, 19) 
Caminho: [(18, 15), (17, 15), (16, 15), (15, 15), (14, 15), (13, 15), (12, 15), (11, 15), (11, 16), (11, 17), (11, 18), (11, 19)] 
Custo: 130 
Nos Gerados: 68 
Nos Visitados: 42 
Funcao de Custo: 2 
 Heuristica: Manhattan

A*:
Inicio: (18, 15) 
Chegada: (11, 19) 
Caminho: [(18, 15), (18, 16), (17, 16), (16, 16), (15, 16), (14, 16), (13, 16), (13, 17), (12, 17), (11, 17), (11, 18), (11, 19)] 
Custo: 117 
Nos Gerados: 49 
Nos Visitados: 28 
Funcao de Custo: 3 
 Heuristica: Manhattan

A*:
Inicio: (18, 15) 
Chegada: (11, 19) 
Caminho: [(18, 15), (18, 16), (17, 16), (16, 16), (15, 16), (14, 16), (13, 16), (13, 17), (13, 18), (13, 19), (12, 19), (11, 19)] 
Custo: 102 
Nos Gerados: 32 
Nos Visitados: 12 
Funcao de Custo: 4 
 Heuristica: Manhattan

A*:
Inicio: (5, 6) 
Chegada: (2, 4) 
Caminho: [(5, 6), (5, 5), (5, 4), (4, 4), (3, 4), (2, 4)] 
Custo: 50 
Nos Gerados: 16 
Nos Visitados: 6 
Funcao de Custo: 1 
 Heuristica: Manhattan

A*:
Inicio: (5, 6) 
Chegada: (2, 4) 
Caminho: [(5, 6), (4, 6), (3, 6), (2, 6), (2, 5), (2, 4)] 
Custo: 60 
Nos Gerados: 24 
Nos Visitados: 12 
Funcao de Custo: 2 
 Heuristica: Manhattan

A*:
Inicio: (5, 6) 
Chegada: (2, 4) 
Caminho: [(5, 6), (5, 5), (4, 5), (3, 5), (2, 5), (2, 4)] 
Custo: 52 
Nos Gerados: 17 
Nos Visitados: 7 
Funcao de Custo: 3 
 Heuristica: Manhattan

A*:
Inicio: (5, 6) 
Chegada: (2, 4) 
Caminho: [(5, 6), (5, 5), (4, 5), (3, 5), (2, 5), (2, 4)] 
Custo: 47 
Nos Gerados: 16 
Nos Visitados: 6 
Funcao de Custo: 4 
 Heuristica: Manhattan

A*:
Inicio: (17, 5) 
Chegada: (8, 1) 
Caminho: [(17, 5), (17, 4), (17, 3), (17, 2), (17, 1), (16, 1), (15, 1), (14, 1), (13, 1), (12, 1), (11, 1), (10, 1), (9, 1), (8, 1)] 
Custo: 130 
Nos Gerados: 40 
Nos Visitados: 14 
Funcao de Custo: 1 
 Heuristica: Manhattan

A*:
Inicio: (17, 5) 
Chegada: (8, 1) 
Caminho: [(17, 5), (16, 5), (15, 5), (14, 5), (13, 5), (12, 5), (11, 5), (10, 5), (9, 5), (8, 5), (8, 4), (8, 3), (8, 2), (8, 1)] 
Custo: 150 
Nos Gerados: 79 
Nos Visitados: 50 
Funcao de Custo: 2 
 Heuristica: Manhattan

A*:
Inicio: (17, 5) 
Chegada: (8, 1) 
Caminho: [(17, 5), (17, 4), (16, 4), (15, 4), (14, 4), (13, 4), (12, 4), (12, 3), (11, 3), (10, 3), (9, 3), (8, 3), (8, 2), (8, 1)] 
Custo: 135 
Nos Gerados: 55 
Nos Visitados: 30 
Funcao de Custo: 3 
 Heuristica: Manhattan

A*:
Inicio: (17, 5) 
Chegada: (8, 1) 
Caminho: [(17, 5), (17, 4), (16, 4), (15, 4), (14, 4), (13, 4), (12, 4), (12, 3), (12, 2), (12, 1), (11, 1), (10, 1), (9, 1), (8, 1)] 
Custo: 122 
Nos Gerados: 38 
Nos Visitados: 14 
Funcao de Custo: 4 
 Heuristica: Manhattan

A*:
Inicio: (10, 20) 
Chegada: (11, 8) 
Caminho: [(10, 20), (10, 19), (10, 18), (10, 17), (10, 16), (10, 15), (10, 14), (10, 13), (10, 12), (10, 11), (10, 10), (10, 9), (10, 8), (11, 8)] 
Custo: 130 
Nos Gerados: 41 
Nos Visitados: 14 
Funcao de Custo: 1 
 Heuristica: Manhattan

A*:
Inicio: (10, 20) 
Chegada: (11, 8) 
Caminho: [(10, 20), (11, 20), (11, 19), (11, 18), (11, 17), (11, 16), (11, 15), (11, 14), (11, 13), (11, 12), (11, 11), (11, 10), (11, 9), (11, 8)] 
Custo: 190 
Nos Gerados: 86 
Nos Visitados: 55 
Funcao de Custo: 2 
 Heuristica: Manhattan

A*:
Inicio: (10, 20) 
Chegada: (11, 8) 
Caminho: [(10, 20), (10, 19), (11, 19), (11, 18), (11, 17), (11, 16), (11, 15), (11, 14), (11, 13), (11, 12), (11, 11), (11, 10), (11, 9), (11, 8)] 
Custo: 155 
Nos Gerados: 52 
Nos Visitados: 24 
Funcao de Custo: 3 
 Heuristica: Manhattan

A*:
Inicio: (10, 20) 
Chegada: (11, 8) 
Caminho: [(10, 20), (10, 19), (11, 19), (11, 18), (11, 17), (11, 16), (11, 15), (11, 14), (11, 13), (11, 12), (11, 11), (11, 10), (11, 9), (11, 8)] 
Custo: 116 
Nos Gerados: 43 
Nos Visitados: 17 
Funcao de Custo: 4 
 Heuristica: Manhattan

A*:
Inicio: (21, 12) 
Chegada: (12, 7) 
Caminho: [(21, 12), (21, 11), (21, 10), (21, 9), (21, 8), (21, 7), (20, 7), (19, 7), (18, 7), (17, 7), (16, 7), (15, 7), (14, 7), (13, 7), (12, 7)] 
Custo: 140 
Nos Gerados: 43 
Nos Visitados: 15 
Funcao de Custo: 1 
 Heuristica: Manhattan

A*:
Inicio: (21, 12) 
Chegada: (12, 7) 
Caminho: [(21, 12), (20, 12), (19, 12), (18, 12), (17, 12), (16, 12), (15, 12), (14, 12), (13, 12), (12, 12), (12, 11), (12, 10), (12, 9), (12, 8), (12, 7)] 
Custo: 165 
Nos Gerados: 85 
Nos Visitados: 54 
Funcao de Custo: 2 
 Heuristica: Manhattan

A*:
Inicio: (21, 12) 
Chegada: (12, 7) 
Caminho: [(21, 12), (21, 11), (20, 11), (19, 11), (18, 11), (17, 11), (16, 11), (16, 10), (15, 10), (14, 10), (13, 10), (12, 10), (12, 9), (12, 8), (12, 7)] 
Custo: 146 
Nos Gerados: 59 
Nos Visitados: 32 
Funcao de Custo: 3 
 Heuristica: Manhattan

A*:
Inicio: (21, 12) 
Chegada: (12, 7) 
Caminho: [(21, 12), (21, 11), (20, 11), (19, 11), (18, 11), (17, 11), (16, 11), (16, 10), (16, 9), (16, 8), (16, 7), (15, 7), (14, 7), (13, 7), (12, 7)] 
Custo: 129 
Nos Gerados: 41 
Nos Visitados: 15 
Funcao de Custo: 4 
 Heuristica: Manhattan

A*:
Inicio: (16, 7) 
Chegada: (13, 8) 
Caminho: [(16, 7), (16, 8), (15, 8), (14, 8), (13, 8)] 
Custo: 40 
Nos Gerados: 13 
Nos Visitados: 5 
Funcao de Custo: 1 
 Heuristica: Manhattan

A*:
Inicio: (16, 7) 
Chegada: (13, 8) 
Caminho: [(16, 7), (15, 7), (14, 7), (13, 7), (13, 8)] 
Custo: 45 
Nos Gerados: 14 
Nos Visitados: 5 
Funcao de Custo: 2 
 Heuristica: Manhattan

A*:
Inicio: (16, 7) 
Chegada: (13, 8) 
Caminho: [(16, 7), (16, 8), (15, 8), (14, 8), (13, 8)] 
Custo: 40 
Nos Gerados: 13 
Nos Visitados: 5 
Funcao de Custo: 3 
 Heuristica: Manhattan

A*:
Inicio: (16, 7) 
Chegada: (13, 8) 
Caminho: [(16, 7), (16, 8), (15, 8), (14, 8), (13, 8)] 
Custo: 35 
Nos Gerados: 13 
Nos Visitados: 5 
Funcao de Custo: 4 
 Heuristica: Manhattan

A*:
Inicio: (17, 11) 
Chegada: (14, 23) 
Caminho: [(17, 11), (17, 12), (17, 13), (17, 14), (17, 15), (17, 16), (17, 17), (17, 18), (17, 19), (17, 20), (17, 21), (17, 22), (17, 23), (16, 23), (15, 23), (14, 23)] 
Custo: 150 
Nos Gerados: 46 
Nos Visitados: 16 
Funcao de Custo: 1 
 Heuristica: Manhattan

A*:
Inicio: (17, 11) 
Chegada: (14, 23) 
Caminho: [(17, 11), (16, 11), (15, 11), (14, 11), (14, 12), (14, 13), (14, 14), (14, 15), (14, 16), (14, 17), (14, 18), (14, 19), (14, 20), (14, 21), (14, 22), (14, 23)] 
Custo: 210 
Nos Gerados: 126 
Nos Visitados: 89 
Funcao de Custo: 2 
 Heuristica: Manhattan

A*:
Inicio: (17, 11) 
Chegada: (14, 23) 
Caminho: [(17, 11), (17, 12), (16, 12), (15, 12), (14, 12), (14, 13), (14, 14), (14, 15), (14, 16), (14, 17), (14, 18), (14, 19), (14, 20), (14, 21), (14, 22), (14, 23)] 
Custo: 171 
Nos Gerados: 71 
Nos Visitados: 35 
Funcao de Custo: 3 
 Heuristica: Manhattan

A*:
Inicio: (17, 11) 
Chegada: (14, 23) 
Caminho: [(17, 11), (17, 12), (16, 12), (15, 12), (14, 12), (14, 13), (14, 14), (14, 15), (14, 16), (14, 17), (14, 18), (14, 19), (14, 20), (14, 21), (14, 22), (14, 23)] 
Custo: 124 
Nos Gerados: 45 
Nos Visitados: 16 
Funcao de Custo: 4 
 Heuristica: Manhattan

A*:
Inicio: (16, 19) 
Chegada: (3, 7) 
Caminho: [(16, 19), (16, 18), (16, 17), (16, 16), (16, 15), (16, 14), (16, 13), (16, 12), (16, 11), (16, 10), (16, 9), (16, 8), (16, 7), (15, 7), (14, 7), (13, 7), (12, 7), (11, 7), (10, 7), (9, 7), (8, 7), (7, 7), (6, 7), (5, 7), (4, 7), (3, 7)] 
Custo: 250 
Nos Gerados: 76 
Nos Visitados: 26 
Funcao de Custo: 1 
 Heuristica: Manhattan

A*:
Inicio: (16, 19) 
Chegada: (3, 7) 
Caminho: [(16, 19), (15, 19), (14, 19), (13, 19), (12, 19), (11, 19), (10, 19), (9, 19), (8, 19), (7, 19), (6, 19), (5, 19), (4, 19), (3, 19), (3, 18), (3, 17), (3, 16), (3, 15), (3, 14), (3, 13), (3, 12), (3, 11), (3, 10), (3, 9), (3, 8), (3, 7)] 
Custo: 310 
Nos Gerados: 299 
Nos Visitados: 242 
Funcao de Custo: 2 
 Heuristica: Manhattan

A*:
Inicio: (16, 19) 
Chegada: (3, 7) 
Caminho: [(16, 19), (16, 18), (15, 18), (14, 18), (13, 18), (12, 18), (11, 18), (11, 17), (10, 17), (9, 17), (8, 17), (7, 17), (6, 17), (6, 16), (5, 16), (4, 16), (3, 16), (3, 15), (3, 14), (3, 13), (3, 12), (3, 11), (3, 10), (3, 9), (3, 8), (3, 7)] 
Custo: 274 
Nos Gerados: 221 
Nos Visitados: 146 
Funcao de Custo: 3 
 Heuristica: Manhattan

A*:
Inicio: (16, 19) 
Chegada: (3, 7) 
Caminho: [(16, 19), (16, 18), (15, 18), (14, 18), (13, 18), (12, 18), (11, 18), (11, 17), (11, 16), (11, 15), (11, 14), (11, 13), (11, 12), (11, 11), (11, 10), (11, 9), (11, 8), (11, 7), (10, 7), (9, 7), (8, 7), (7, 7), (6, 7), (5, 7), (4, 7), (3, 7)] 
Custo: 220 
Nos Gerados: 74 
Nos Visitados: 26 
Funcao de Custo: 4 
 Heuristica: Manhattan

A*:
Inicio: (4, 30) 
Chegada: (3, 20) 
Caminho: [(4, 30), (4, 29), (4, 28), (4, 27), (4, 26), (4, 25), (4, 24), (4, 23), (4, 22), (4, 21), (4, 20), (3, 20)] 
Custo: 110 
Nos Gerados: 34 
Nos Visitados: 12 
Funcao de Custo: 1 
 Heuristica: Manhattan

A*:
Inicio: (4, 30) 
Chegada: (3, 20) 
Caminho: [(4, 30), (3, 30), (3, 29), (3, 28), (3, 27), (3, 26), (3, 25), (3, 24), (3, 23), (3, 22), (3, 21), (3, 20)] 
Custo: 160 
Nos Gerados: 61 
Nos Visitados: 40 
Funcao de Custo: 2 
 Heuristica: Manhattan

A*:
Inicio: (4, 30) 
Chegada: (3, 20) 
Caminho: [(4, 30), (4, 29), (3, 29), (3, 28), (3, 27), (3, 26), (3, 25), (3, 24), (3, 23), (3, 22), (3, 21), (3, 20)] 
Custo: 130 
Nos Gerados: 35 
Nos Visitados: 15 
Funcao de Custo: 3 
 Heuristica: Manhattan

A*:
Inicio: (4, 30) 
Chegada: (3, 20) 
Caminho: [(4, 30), (4, 29), (3, 29), (3, 28), (3, 27), (3, 26), (3, 25), (3, 24), (3, 23), (3, 22), (3, 21), (3, 20)] 
Custo: 105 
Nos Gerados: 35 
Nos Visitados: 15 
Funcao de Custo: 4 
 Heuristica: Manhattan