BFS:
Inicio: (10, 29) 
Chegada: (23, 26) 
Caminho: [(10, 29), (11, 29), (12, 29), (13, 29), (14, 29), (15, 29), (16, 29), (17, 29), (18, 29), (19, 29), (20, 29), (21, 29), (22, 29), (23, 29), (23, 28), (23, 27), (23, 26)] 
Custo: 160 
Nos Gerados: 309 
Nos Visitados: 281 
Funcao de Custo: 1 

BFS:
Inicio: (10, 29) 
Chegada: (23, 26) 
Caminho: [(10, 29), (11, 29), (12, 29), (13, 29), (14, 29), (15, 29), (16, 29), (17, 29), (18, 29), (19, 29), (20, 29), (21, 29), (22, 29), (23, 29), (23, 28), (23, 27), (23, 26)] 
Custo: 175 
Nos Gerados: 309 
Nos Visitados: 281 
Funcao de Custo: 2 

BFS:
Inicio: (10, 29) 
Chegada: (23, 26) 
Caminho: [(10, 29), (11, 29), (12, 29), (13, 29), (14, 29), (15, 29), (16, 29), (17, 29), (18, 29), (19, 29), (20, 29), (21, 29), (22, 29), (23, 29), (23, 28), (23, 27), (23, 26)] 
Custo: 166 
Nos Gerados: 309 
Nos Visitados: 281 
Funcao de Custo: 3 

BFS:
Inicio: (10, 29) 
Chegada: (23, 26) 
Caminho: [(10, 29), (11, 29), (12, 29), (13, 29), (14, 29), (15, 29), (16, 29), (17, 29), (18, 29), (19, 29), (20, 29), (21, 29), (22, 29), (23, 29), (23, 28), (23, 27), (23, 26)] 
Custo: 154 
Nos Gerados: 309 
Nos Visitados: 281 
Funcao de Custo: 4 

BFS:
Inicio: (24, 29) 
Chegada: (22, 27) 
Caminho: [(24, 29), (23, 29), (22, 29), (22, 28), (22, 27)] 
Custo: 40 
Nos Gerados: 36 
Nos Visitados: 25 
Funcao de Custo: 1 

BFS:
Inicio: (24, 29) 
Chegada: (22, 27) 
Caminho: [(24, 29), (23, 29), (22, 29), (22, 28), (22, 27)] 
Custo: 50 
Nos Gerados: 36 
Nos Visitados: 25 
Funcao de Custo: 2 

BFS:
Inicio: (24, 29) 
Chegada: (22, 27) 
Caminho: [(24, 29), (23, 29), (22, 29), (22, 28), (22, 27)] 
Custo: 47 
Nos Gerados: 36 
Nos Visitados: 25 
Funcao de Custo: 3 

BFS:
Inicio: (24, 29) 
Chegada: (22, 27) 
Caminho: [(24, 29), (23, 29), (22, 29), (22, 28), (22, 27)] 
Custo: 47 
Nos Gerados: 36 
Nos Visitados: 25 
Funcao de Custo: 4 

BFS:
Inicio: (1, 21) 
Chegada: (18, 8) 
Caminho: [(1, 21), (2, 21), (3, 21), (4, 21), (5, 21), (6, 21), (7, 21), (8, 21), (9, 21), (10, 21), (11, 21), (12, 21), (13, 21), (14, 21), (15, 21), (16, 21), (17, 21), (18, 21), (18, 20), (18, 19), (18, 18), (18, 17), (18, 16), (18, 15), (18, 14), (18, 13), (18, 12), (18, 11), (18, 10), (18, 9), (18, 8)] 
Custo: 300 
Nos Gerados: 735 
Nos Visitados: 707 
Funcao de Custo: 1 

BFS:
Inicio: (1, 21) 
Chegada: (18, 8) 
Caminho: [(1, 21), (2, 21), (3, 21), (4, 21), (5, 21), (6, 21), (7, 21), (8, 21), (9, 21), (10, 21), (11, 21), (12, 21), (13, 21), (14, 21), (15, 21), (16, 21), (17, 21), (18, 21), (18, 20), (18, 19), (18, 18), (18, 17), (18, 16), (18, 15), (18, 14), (18, 13), (18, 12), (18, 11), (18, 10), (18, 9), (18, 8)] 
Custo: 365 
Nos Gerados: 735 
Nos Visitados: 707 
Funcao de Custo: 2 

BFS:
Inicio: (1, 21) 
Chegada: (18, 8) 
Caminho: [(1, 21), (2, 21), (3, 21), (4, 21), (5, 21), (6, 21), (7, 21), (8, 21), (9, 21), (10, 21), (11, 21), (12, 21), (13, 21), (14, 21), (15, 21), (16, 21), (17, 21), (18, 21), (18, 20), (18, 19), (18, 18), (18, 17), (18, 16), (18, 15), (18, 14), (18, 13), (18, 12), (18, 11), (18, 10), (18, 9), (18, 8)] 
Custo: 335 
Nos Gerados: 735 
Nos Visitados: 707 
Funcao de Custo: 3 

BFS:
Inicio: (1, 21) 
Chegada: (18, 8) 
Caminho: [(1, 21), (2, 21), (3, 21), (4, 21), (5, 21), (6, 21), (7, 21), (8, 21), (9, 21), (10, 21), (11, 21), (12, 21), (13, 21), (14, 21), (15, 21), (16, 21), (17, 21), (18, 21), (18, 20), (18, 19), (18, 18), (18, 17), (18, 16), (18, 15), (18, 14), (18, 13), (18, 12), (18, 11), (18, 10), (18, 9), (18, 8)] 
Custo: 303 
Nos Gerados: 735 
Nos Visitados: 707 
Funcao de Custo: 4 

BFS:
Inicio: (23, 23) 
Chegada: (11, 12) 
Caminho: [(23, 23), (22, 23), (21, 23), (20, 23), (19, 23), (18, 23), (17, 23), (16, 23), (15, 23), (14, 23), (13, 23), (12, 23), (11, 23), (11, 22), (11, 21), (11, 20), (11, 19), (11, 18), (11, 17), (11, 16), (11, 15), (11, 14), (11, 13), (11, 12)] 
Custo: 230 
Nos Gerados: 647 
Nos Visitados: 610 
Funcao de Custo: 1 

BFS:
Inicio: (23, 23) 
Chegada: (11, 12) 
Caminho: [(23, 23), (22, 23), (21, 23), (20, 23), (19, 23), (18, 23), (17, 23), (16, 23), (15, 23), (14, 23), (13, 23), (12, 23), (11, 23), (11, 22), (11, 21), (11, 20), (11, 19), (11, 18), (11, 17), (11, 16), (11, 15), (11, 14), (11, 13), (11, 12)] 
Custo: 285 
Nos Gerados: 647 
Nos Visitados: 610 
Funcao de Custo: 2 

BFS:
Inicio: (23, 23) 
Chegada: (11, 12) 
Caminho: [(23, 23), (22, 23), (21, 23), (20, 23), (19, 23), (18, 23), (17, 23), (16, 23), (15, 23), (14, 23), (13, 23), (12, 23), (11, 23), (11, 22), (11, 21), (11, 20), (11, 19), (11, 18), (11, 17), (11, 16), (11, 15), (11, 14), (11, 13), (11, 12)] 
Custo: 255 
Nos Gerados: 647 
Nos Visitados: 610 
Funcao de Custo: 3 

BFS:
Inicio: (23, 23) 
Chegada: (11, 12) 
Caminho: [(23, 23), (22, 23), (21, 23), (20, 23), (19, 23), (18, 23), (17, 23), (16, 23), (15, 23), (14, 23), (13, 23), (12, 23), (11, 23), (11, 22), (11, 21), (11, 20), (11, 19), (11, 18), (11, 17), (11, 16), (11, 15), (11, 14), (11, 13), (11, 12)] 
Custo: 230 
Nos Gerados: 647 
Nos Visitados: 610 
Funcao de Custo: 4 

BFS:
Inicio: (10, 3) 
Chegada: (29, 24) 
Caminho: [(10, 3), (11, 3), (12, 3), (13, 3), (14, 3), (15, 3), (16, 3), (17, 3), (18, 3), (19, 3), (20, 3), (21, 3), (22, 3), (23, 3), (24, 3), (25, 3), (26, 3), (27, 3), (28, 3), (29, 3), (29, 4), (29, 5), (29, 6), (29, 7), (29, 8), (29, 9), (29, 10), (29, 11), (29, 12), (29, 13), (29, 14), (29, 15), (29, 16), (29, 17), (29, 18), (29, 19), (29, 20), (29, 21), (29, 22), (29, 23), (29, 24)] 
Custo: 400 
Nos Gerados: 934 
Nos Visitados: 927 
Funcao de Custo: 1 

BFS:
Inicio: (10, 3) 
Chegada: (29, 24) 
Caminho: [(10, 3), (11, 3), (12, 3), (13, 3), (14, 3), (15, 3), (16, 3), (17, 3), (18, 3), (19, 3), (20, 3), (21, 3), (22, 3), (23, 3), (24, 3), (25, 3), (26, 3), (27, 3), (28, 3), (29, 3), (29, 4), (29, 5), (29, 6), (29, 7), (29, 8), (29, 9), (29, 10), (29, 11), (29, 12), (29, 13), (29, 14), (29, 15), (29, 16), (29, 17), (29, 18), (29, 19), (29, 20), (29, 21), (29, 22), (29, 23), (29, 24)] 
Custo: 505 
Nos Gerados: 934 
Nos Visitados: 927 
Funcao de Custo: 2 

BFS:
Inicio: (10, 3) 
Chegada: (29, 24) 
Caminho: [(10, 3), (11, 3), (12, 3), (13, 3), (14, 3), (15, 3), (16, 3), (17, 3), (18, 3), (19, 3), (20, 3), (21, 3), (22, 3), (23, 3), (24, 3), (25, 3), (26, 3), (27, 3), (28, 3), (29, 3), (29, 4), (29, 5), (29, 6), (29, 7), (29, 8), (29, 9), (29, 10), (29, 11), (29, 12), (29, 13), (29, 14), (29, 15), (29, 16), (29, 17), (29, 18), (29, 19), (29, 20), (29, 21), (29, 22), (29, 23), (29, 24)] 
Custo: 451 
Nos Gerados: 934 
Nos Visitados: 927 
Funcao de Custo: 3 

BFS:
Inicio: (10, 3) 
Chegada: (29, 24) 
Caminho: [(10, 3), (11, 3), (12, 3), (13, 3), (14, 3), (15, 3), (16, 3), (17, 3), (18, 3), (19, 3), (20, 3), (21, 3), (22, 3), (23, 3), (24, 3), (25, 3), (26, 3), (27, 3), (28, 3), (29, 3), (29, 4), (29, 5), (29, 6), (29, 7), (29, 8), (29, 9), (29, 10), (29, 11), (29, 12), (29, 13), (29, 14), (29, 15), (29, 16), (29, 17), (29, 18), (29, 19), (29, 20), (29, 21), (29, 22), (29, 23), (29, 24)] 
Custo: 398 
Nos Gerados: 934 
Nos Visitados: 927 
Funcao de Custo: 4 

BFS:
Inicio: (28, 7) 
Chegada: (22, 6) 
Caminho: [(28, 7), (27, 7), (26, 7), (25, 7), (24, 7), (23, 7), (22, 7), (22, 6)] 
Custo: 70 
Nos Gerados: 91 
Nos Visitados: 71 
Funcao de Custo: 1 

BFS:
Inicio: (28, 7) 
Chegada: (22, 6) 
Caminho: [(28, 7), (27, 7), (26, 7), (25, 7), (24, 7), (23, 7), (22, 7), (22, 6)] 
Custo: 75 
Nos Gerados: 91 
Nos Visitados: 71 
Funcao de Custo: 2 

BFS:
Inicio: (28, 7) 
Chegada: (22, 6) 
Caminho: [(28, 7), (27, 7), (26, 7), (25, 7), (24, 7), (23, 7), (22, 7), (22, 6)] 
Custo: 70 
Nos Gerados: 91 
Nos Visitados: 71 
Funcao de Custo: 3 

BFS:
Inicio: (28, 7) 
Chegada: (22, 6) 
Caminho: [(28, 7), (27, 7), (26, 7), (25, 7), (24, 7), (23, 7), (22, 7), (22, 6)] 
Custo: 70 
Nos Gerados: 91 
Nos Visitados: 71 
Funcao de Custo: 4 

BFS:
Inicio: (2, 16) 
Chegada: (27, 29) 
Caminho: [(2, 16), (3, 16), (4, 16), (5, 16), (6, 16), (7, 16), (8, 16), (9, 16), (10, 16), (11, 16), (12, 16), (13, 16), (14, 16), (15, 16), (16, 16), (17, 16), (18, 16), (19, 16), (20, 16), (21, 16), (22, 16), (23, 16), (24, 16), (25, 16), (26, 16), (27, 16), (27, 17), (27, 18), (27, 19), (27, 20), (27, 21), (27, 22), (27, 23), (27, 24), (27, 25), (27, 26), (27, 27), (27, 28), (27, 29)] 
Custo: 380 
Nos Gerados: 937 
Nos Visitados: 926 
Funcao de Custo: 1 

BFS:
Inicio: (2, 16) 
Chegada: (27, 29) 
Caminho: [(2, 16), (3, 16), (4, 16), (5, 16), (6, 16), (7, 16), (8, 16), (9, 16), (10, 16), (11, 16), (12, 16), (13, 16), (14, 16), (15, 16), (16, 16), (17, 16), (18, 16), (19, 16), (20, 16), (21, 16), (22, 16), (23, 16), (24, 16), (25, 16), (26, 16), (27, 16), (27, 17), (27, 18), (27, 19), (27, 20), (27, 21), (27, 22), (27, 23), (27, 24), (27, 25), (27, 26), (27, 27), (27, 28), (27, 29)] 
Custo: 445 
Nos Gerados: 937 
Nos Visitados: 926 
Funcao de Custo: 2 

BFS:
Inicio: (2, 16) 
Chegada: (27, 29) 
Caminho: [(2, 16), (3, 16), (4, 16), (5, 16), (6, 16), (7, 16), (8, 16), (9, 16), (10, 16), (11, 16), (12, 16), (13, 16), (14, 16), (15, 16), (16, 16), (17, 16), (18, 16), (19, 16), (20, 16), (21, 16), (22, 16), (23, 16), (24, 16), (25, 16), (26, 16), (27, 16), (27, 17), (27, 18), (27, 19), (27, 20), (27, 21), (27, 22), (27, 23), (27, 24), (27, 25), (27, 26), (27, 27), (27, 28), (27, 29)] 
Custo: 411 
Nos Gerados: 937 
Nos Visitados: 926 
Funcao de Custo: 3 

BFS:
Inicio: (2, 16) 
Chegada: (27, 29) 
Caminho: [(2, 16), (3, 16), (4, 16), (5, 16), (6, 16), (7, 16), (8, 16), (9, 16), (10, 16), (11, 16), (12, 16), (13, 16), (14, 16), (15, 16), (16, 16), (17, 16), (18, 16), (19, 16), (20, 16), (21, 16), (22, 16), (23, 16), (24, 16), (25, 16), (26, 16), (27, 16), (27, 17), (27, 18), (27, 19), (27, 20), (27, 21), (27, 22), (27, 23), (27, 24), (27, 25), (27, 26), (27, 27), (27, 28), (27, 29)] 
Custo: 377 
Nos Gerados: 937 
Nos Visitados: 926 
Funcao de Custo: 4 

BFS:
Inicio: (29, 22) 
Chegada: (16, 23) 
Caminho: [(29, 22), (28, 22), (27, 22), (26, 22), (25, 22), (24, 22), (23, 22), (22, 22), (21, 22), (20, 22), (19, 22), (18, 22), (17, 22), (16, 22), (16, 23)] 
Custo: 140 
Nos Gerados: 230 
Nos Visitados: 205 
Funcao de Custo: 1 

BFS:
Inicio: (29, 22) 
Chegada: (16, 23) 
Caminho: [(29, 22), (28, 22), (27, 22), (26, 22), (25, 22), (24, 22), (23, 22), (22, 22), (21, 22), (20, 22), (19, 22), (18, 22), (17, 22), (16, 22), (16, 23)] 
Custo: 145 
Nos Gerados: 230 
Nos Visitados: 205 
Funcao de Custo: 2 

BFS:
Inicio: (29, 22) 
Chegada: (16, 23) 
Caminho: [(29, 22), (28, 22), (27, 22), (26, 22), (25, 22), (24, 22), (23, 22), (22, 22), (21, 22), (20, 22), (19, 22), (18, 22), (17, 22), (16, 22), (16, 23)] 
Custo: 141 
Nos Gerados: 230 
Nos Visitados: 205 
Funcao de Custo: 3 

BFS:
Inicio: (29, 22) 
Chegada: (16, 23) 
Caminho: [(29, 22), (28, 22), (27, 22), (26, 22), (25, 22), (24, 22), (23, 22), (22, 22), (21, 22), (20, 22), (19, 22), (18, 22), (17, 22), (16, 22), (16, 23)] 
Custo: 137 
Nos Gerados: 230 
Nos Visitados: 205 
Funcao de Custo: 4 

BFS:
Inicio: (12, 15) 
Chegada: (10, 22) 
Caminho: [(12, 15), (11, 15), (10, 15), (10, 16), (10, 17), (10, 18), (10, 19), (10, 20), (10, 21), (10, 22)] 
Custo: 90 
Nos Gerados: 197 
Nos Visitados: 160 
Funcao de Custo: 1 

BFS:
Inicio: (12, 15) 
Chegada: (10, 22) 
Caminho: [(12, 15), (11, 15), (10, 15), (10, 16), (10, 17), (10, 18), (10, 19), (10, 20), (10, 21), (10, 22)] 
Custo: 125 
Nos Gerados: 197 
Nos Visitados: 160 
Funcao de Custo: 2 

BFS:
Inicio: (12, 15) 
Chegada: (10, 22) 
Caminho: [(12, 15), (11, 15), (10, 15), (10, 16), (10, 17), (10, 18), (10, 19), (10, 20), (10, 21), (10, 22)] 
Custo: 103 
Nos Gerados: 197 
Nos Visitados: 160 
Funcao de Custo: 3 

BFS:
Inicio: (12, 15) 
Chegada: (10, 22) 
Caminho: [(12, 15), (11, 15), (10, 15), (10, 16), (10, 17), (10, 18), (10, 19), (10, 20), (10, 21), (10, 22)] 
Custo: 97 
Nos Gerados: 197 
Nos Visitados: 160 
Funcao de Custo: 4 

BFS:
Inicio: (16, 14) 
Chegada: (12, 28) 
Caminho: [(16, 14), (15, 14), (14, 14), (13, 14), (12, 14), (12, 15), (12, 16), (12, 17), (12, 18), (12, 19), (12, 20), (12, 21), (12, 22), (12, 23), (12, 24), (12, 25), (12, 26), (12, 27), (12, 28)] 
Custo: 180 
Nos Gerados: 669 
Nos Visitados: 619 
Funcao de Custo: 1 

BFS:
Inicio: (16, 14) 
Chegada: (12, 28) 
Caminho: [(16, 14), (15, 14), (14, 14), (13, 14), (12, 14), (12, 15), (12, 16), (12, 17), (12, 18), (12, 19), (12, 20), (12, 21), (12, 22), (12, 23), (12, 24), (12, 25), (12, 26), (12, 27), (12, 28)] 
Custo: 250 
Nos Gerados: 669 
Nos Visitados: 619 
Funcao de Custo: 2 

BFS:
Inicio: (16, 14) 
Chegada: (12, 28) 
Caminho: [(16, 14), (15, 14), (14, 14), (13, 14), (12, 14), (12, 15), (12, 16), (12, 17), (12, 18), (12, 19), (12, 20), (12, 21), (12, 22), (12, 23), (12, 24), (12, 25), (12, 26), (12, 27), (12, 28)] 
Custo: 213 
Nos Gerados: 669 
Nos Visitados: 619 
Funcao de Custo: 3 

BFS:
Inicio: (16, 14) 
Chegada: (12, 28) 
Caminho: [(16, 14), (15, 14), (14, 14), (13, 14), (12, 14), (12, 15), (12, 16), (12, 17), (12, 18), (12, 19), (12, 20), (12, 21), (12, 22), (12, 23), (12, 24), (12, 25), (12, 26), (12, 27), (12, 28)] 
Custo: 159 
Nos Gerados: 669 
Nos Visitados: 619 
Funcao de Custo: 4 

BFS:
Inicio: (3, 24) 
Chegada: (26, 11) 
Caminho: [(3, 24), (4, 24), (5, 24), (6, 24), (7, 24), (8, 24), (9, 24), (10, 24), (11, 24), (12, 24), (13, 24), (14, 24), (15, 24), (16, 24), (17, 24), (18, 24), (19, 24), (20, 24), (21, 24), (22, 24), (23, 24), (24, 24), (25, 24), (26, 24), (26, 23), (26, 22), (26, 21), (26, 20), (26, 19), (26, 18), (26, 17), (26, 16), (26, 15), (26, 14), (26, 13), (26, 12), (26, 11)] 
Custo: 360 
Nos Gerados: 845 
Nos Visitados: 830 
Funcao de Custo: 1 

BFS:
Inicio: (3, 24) 
Chegada: (26, 11) 
Caminho: [(3, 24), (4, 24), (5, 24), (6, 24), (7, 24), (8, 24), (9, 24), (10, 24), (11, 24), (12, 24), (13, 24), (14, 24), (15, 24), (16, 24), (17, 24), (18, 24), (19, 24), (20, 24), (21, 24), (22, 24), (23, 24), (24, 24), (25, 24), (26, 24), (26, 23), (26, 22), (26, 21), (26, 20), (26, 19), (26, 18), (26, 17), (26, 16), (26, 15), (26, 14), (26, 13), (26, 12), (26, 11)] 
Custo: 425 
Nos Gerados: 845 
Nos Visitados: 830 
Funcao de Custo: 2 

BFS:
Inicio: (3, 24) 
Chegada: (26, 11) 
Caminho: [(3, 24), (4, 24), (5, 24), (6, 24), (7, 24), (8, 24), (9, 24), (10, 24), (11, 24), (12, 24), (13, 24), (14, 24), (15, 24), (16, 24), (17, 24), (18, 24), (19, 24), (20, 24), (21, 24), (22, 24), (23, 24), (24, 24), (25, 24), (26, 24), (26, 23), (26, 22), (26, 21), (26, 20), (26, 19), (26, 18), (26, 17), (26, 16), (26, 15), (26, 14), (26, 13), (26, 12), (26, 11)] 
Custo: 395 
Nos Gerados: 845 
Nos Visitados: 830 
Funcao de Custo: 3 

BFS:
Inicio: (3, 24) 
Chegada: (26, 11) 
Caminho: [(3, 24), (4, 24), (5, 24), (6, 24), (7, 24), (8, 24), (9, 24), (10, 24), (11, 24), (12, 24), (13, 24), (14, 24), (15, 24), (16, 24), (17, 24), (18, 24), (19, 24), (20, 24), (21, 24), (22, 24), (23, 24), (24, 24), (25, 24), (26, 24), (26, 23), (26, 22), (26, 21), (26, 20), (26, 19), (26, 18), (26, 17), (26, 16), (26, 15), (26, 14), (26, 13), (26, 12), (26, 11)] 
Custo: 353 
Nos Gerados: 845 
Nos Visitados: 830 
Funcao de Custo: 4 

BFS:
Inicio: (20, 4) 
Chegada: (2, 24) 
Caminho: [(20, 4), (19, 4), (18, 4), (17, 4), (16, 4), (15, 4), (14, 4), (13, 4), (12, 4), (11, 4), (10, 4), (9, 4), (8, 4), (7, 4), (6, 4), (5, 4), (4, 4), (3, 4), (2, 4), (2, 5), (2, 6), (2, 7), (2, 8), (2, 9), (2, 10), (2, 11), (2, 12), (2, 13), (2, 14), (2, 15), (2, 16), (2, 17), (2, 18), (2, 19), (2, 20), (2, 21), (2, 22), (2, 23), (2, 24)] 
Custo: 380 
Nos Gerados: 927 
Nos Visitados: 919 
Funcao de Custo: 1 

BFS:
Inicio: (20, 4) 
Chegada: (2, 24) 
Caminho: [(20, 4), (19, 4), (18, 4), (17, 4), (16, 4), (15, 4), (14, 4), (13, 4), (12, 4), (11, 4), (10, 4), (9, 4), (8, 4), (7, 4), (6, 4), (5, 4), (4, 4), (3, 4), (2, 4), (2, 5), (2, 6), (2, 7), (2, 8), (2, 9), (2, 10), (2, 11), (2, 12), (2, 13), (2, 14), (2, 15), (2, 16), (2, 17), (2, 18), (2, 19), (2, 20), (2, 21), (2, 22), (2, 23), (2, 24)] 
Custo: 480 
Nos Gerados: 927 
Nos Visitados: 919 
Funcao de Custo: 2 

BFS:
Inicio: (20, 4) 
Chegada: (2, 24) 
Caminho: [(20, 4), (19, 4), (18, 4), (17, 4), (16, 4), (15, 4), (14, 4), (13, 4), (12, 4), (11, 4), (10, 4), (9, 4), (8, 4), (7, 4), (6, 4), (5, 4), (4, 4), (3, 4), (2, 4), (2, 5), (2, 6), (2, 7), (2, 8), (2, 9), (2, 10), (2, 11), (2, 12), (2, 13), (2, 14), (2, 15), (2, 16), (2, 17), (2, 18), (2, 19), (2, 20), (2, 21), (2, 22), (2, 23), (2, 24)] 
Custo: 426 
Nos Gerados: 927 
Nos Visitados: 919 
Funcao de Custo: 3 

BFS:
Inicio: (20, 4) 
Chegada: (2, 24) 
Caminho: [(20, 4), (19, 4), (18, 4), (17, 4), (16, 4), (15, 4), (14, 4), (13, 4), (12, 4), (11, 4), (10, 4), (9, 4), (8, 4), (7, 4), (6, 4), (5, 4), (4, 4), (3, 4), (2, 4), (2, 5), (2, 6), (2, 7), (2, 8), (2, 9), (2, 10), (2, 11), (2, 12), (2, 13), (2, 14), (2, 15), (2, 16), (2, 17), (2, 18), (2, 19), (2, 20), (2, 21), (2, 22), (2, 23), (2, 24)] 
Custo: 379 
Nos Gerados: 927 
Nos Visitados: 919 
Funcao de Custo: 4 

BFS:
Inicio: (21, 7) 
Chegada: (8, 2) 
Caminho: [(21, 7), (20, 7), (19, 7), (18, 7), (17, 7), (16, 7), (15, 7), (14, 7), (13, 7), (12, 7), (11, 7), (10, 7), (9, 7), (8, 7), (8, 6), (8, 5), (8, 4), (8, 3), (8, 2)] 
Custo: 180 
Nos Gerados: 495 
Nos Visitados: 459 
Funcao de Custo: 1 

BFS:
Inicio: (21, 7) 
Chegada: (8, 2) 
Caminho: [(21, 7), (20, 7), (19, 7), (18, 7), (17, 7), (16, 7), (15, 7), (14, 7), (13, 7), (12, 7), (11, 7), (10, 7), (9, 7), (8, 7), (8, 6), (8, 5), (8, 4), (8, 3), (8, 2)] 
Custo: 205 
Nos Gerados: 495 
Nos Visitados: 459 
Funcao de Custo: 2 

BFS:
Inicio: (21, 7) 
Chegada: (8, 2) 
Caminho: [(21, 7), (20, 7), (19, 7), (18, 7), (17, 7), (16, 7), (15, 7), (14, 7), (13, 7), (12, 7), (11, 7), (10, 7), (9, 7), (8, 7), (8, 6), (8, 5), (8, 4), (8, 3), (8, 2)] 
Custo: 195 
Nos Gerados: 495 
Nos Visitados: 459 
Funcao de Custo: 3 

BFS:
Inicio: (21, 7) 
Chegada: (8, 2) 
Caminho: [(21, 7), (20, 7), (19, 7), (18, 7), (17, 7), (16, 7), (15, 7), (14, 7), (13, 7), (12, 7), (11, 7), (10, 7), (9, 7), (8, 7), (8, 6), (8, 5), (8, 4), (8, 3), (8, 2)] 
Custo: 175 
Nos Gerados: 495 
Nos Visitados: 459 
Funcao de Custo: 4 

BFS:
Inicio: (30, 16) 
Chegada: (27, 21) 
Caminho: [(30, 16), (29, 16), (28, 16), (27, 16), (27, 17), (27, 18), (27, 19), (27, 20), (27, 21)] 
Custo: 80 
Nos Gerados: 93 
Nos Visitados: 75 
Funcao de Custo: 1 

BFS:
Inicio: (30, 16) 
Chegada: (27, 21) 
Caminho: [(30, 16), (29, 16), (28, 16), (27, 16), (27, 17), (27, 18), (27, 19), (27, 20), (27, 21)] 
Custo: 105 
Nos Gerados: 93 
Nos Visitados: 75 
Funcao de Custo: 2 

BFS:
Inicio: (30, 16) 
Chegada: (27, 21) 
Caminho: [(30, 16), (29, 16), (28, 16), (27, 16), (27, 17), (27, 18), (27, 19), (27, 20), (27, 21)] 
Custo: 87 
Nos Gerados: 93 
Nos Visitados: 75 
Funcao de Custo: 3 

BFS:
Inicio: (30, 16) 
Chegada: (27, 21) 
Caminho: [(30, 16), (29, 16), (28, 16), (27, 16), (27, 17), (27, 18), (27, 19), (27, 20), (27, 21)] 
Custo: 85 
Nos Gerados: 93 
Nos Visitados: 75 
Funcao de Custo: 4 

BFS:
Inicio: (4, 0) 
Chegada: (3, 26) 
Caminho: [(4, 0), (3, 0), (3, 1), (3, 2), (3, 3), (3, 4), (3, 5), (3, 6), (3, 7), (3, 8), (3, 9), (3, 10), (3, 11), (3, 12), (3, 13), (3, 14), (3, 15), (3, 16), (3, 17), (3, 18), (3, 19), (3, 20), (3, 21), (3, 22), (3, 23), (3, 24), (3, 25), (3, 26)] 
Custo: 270 
Nos Gerados: 510 
Nos Visitados: 480 
Funcao de Custo: 1 

BFS:
Inicio: (4, 0) 
Chegada: (3, 26) 
Caminho: [(4, 0), (3, 0), (3, 1), (3, 2), (3, 3), (3, 4), (3, 5), (3, 6), (3, 7), (3, 8), (3, 9), (3, 10), (3, 11), (3, 12), (3, 13), (3, 14), (3, 15), (3, 16), (3, 17), (3, 18), (3, 19), (3, 20), (3, 21), (3, 22), (3, 23), (3, 24), (3, 25), (3, 26)] 
Custo: 400 
Nos Gerados: 510 
Nos Visitados: 480 
Funcao de Custo: 2 

BFS:
Inicio: (4, 0) 
Chegada: (3, 26) 
Caminho: [(4, 0), (3, 0), (3, 1), (3, 2), (3, 3), (3, 4), (3, 5), (3, 6), (3, 7), (3, 8), (3, 9), (3, 10), (3, 11), (3, 12), (3, 13), (3, 14), (3, 15), (3, 16), (3, 17), (3, 18), (3, 19), (3, 20), (3, 21), (3, 22), (3, 23), (3, 24), (3, 25), (3, 26)] 
Custo: 333 
Nos Gerados: 510 
Nos Visitados: 480 
Funcao de Custo: 3 

BFS:
Inicio: (4, 0) 
Chegada: (3, 26) 
Caminho: [(4, 0), (3, 0), (3, 1), (3, 2), (3, 3), (3, 4), (3, 5), (3, 6), (3, 7), (3, 8), (3, 9), (3, 10), (3, 11), (3, 12), (3, 13), (3, 14), (3, 15), (3, 16), (3, 17), (3, 18), (3, 19), (3, 20), (3, 21), (3, 22), (3, 23), (3, 24), (3, 25), (3, 26)] 
Custo: 260 
Nos Gerados: 510 
Nos Visitados: 480 
Funcao de Custo: 4 

BFS:
Inicio: (14, 1) 
Chegada: (30, 5) 
Caminho: [(14, 1), (15, 1), (16, 1), (17, 1), (18, 1), (19, 1), (20, 1), (21, 1), (22, 1), (23, 1), (24, 1), (25, 1), (26, 1), (27, 1), (28, 1), (29, 1), (30, 1), (30, 2), (30, 3), (30, 4), (30, 5)] 
Custo: 200 
Nos Gerados: 455 
Nos Visitados: 425 
Funcao de Custo: 1 

BFS:
Inicio: (14, 1) 
Chegada: (30, 5) 
Caminho: [(14, 1), (15, 1), (16, 1), (17, 1), (18, 1), (19, 1), (20, 1), (21, 1), (22, 1), (23, 1), (24, 1), (25, 1), (26, 1), (27, 1), (28, 1), (29, 1), (30, 1), (30, 2), (30, 3), (30, 4), (30, 5)] 
Custo: 220 
Nos Gerados: 455 
Nos Visitados: 425 
Funcao de Custo: 2 

BFS:
Inicio: (14, 1) 
Chegada: (30, 5) 
Caminho: [(14, 1), (15, 1), (16, 1), (17, 1), (18, 1), (19, 1), (20, 1), (21, 1), (22, 1), (23, 1), (24, 1), (25, 1), (26, 1), (27, 1), (28, 1), (29, 1), (30, 1), (30, 2), (30, 3), (30, 4), (30, 5)] 
Custo: 210 
Nos Gerados: 455 
Nos Visitados: 425 
Funcao de Custo: 3 

BFS:
Inicio: (14, 1) 
Chegada: (30, 5) 
Caminho: [(14, 1), (15, 1), (16, 1), (17, 1), (18, 1), (19, 1), (20, 1), (21, 1), (22, 1), (23, 1), (24, 1), (25, 1), (26, 1), (27, 1), (28, 1), (29, 1), (30, 1), (30, 2), (30, 3), (30, 4), (30, 5)] 
Custo: 206 
Nos Gerados: 455 
Nos Visitados: 425 
Funcao de Custo: 4 

BFS:
Inicio: (24, 30) 
Chegada: (8, 14) 
Caminho: [(24, 30), (23, 30), (22, 30), (21, 30), (20, 30), (19, 30), (18, 30), (17, 30), (16, 30), (15, 30), (14, 30), (13, 30), (12, 30), (11, 30), (10, 30), (9, 30), (8, 30), (8, 29), (8, 28), (8, 27), (8, 26), (8, 25), (8, 24), (8, 23), (8, 22), (8, 21), (8, 20), (8, 19), (8, 18), (8, 17), (8, 16), (8, 15), (8, 14)] 
Custo: 320 
Nos Gerados: 706 
Nos Visitados: 679 
Funcao de Custo: 1 

BFS:
Inicio: (24, 30) 
Chegada: (8, 14) 
Caminho: [(24, 30), (23, 30), (22, 30), (21, 30), (20, 30), (19, 30), (18, 30), (17, 30), (16, 30), (15, 30), (14, 30), (13, 30), (12, 30), (11, 30), (10, 30), (9, 30), (8, 30), (8, 29), (8, 28), (8, 27), (8, 26), (8, 25), (8, 24), (8, 23), (8, 22), (8, 21), (8, 20), (8, 19), (8, 18), (8, 17), (8, 16), (8, 15), (8, 14)] 
Custo: 400 
Nos Gerados: 706 
Nos Visitados: 679 
Funcao de Custo: 2 

BFS:
Inicio: (24, 30) 
Chegada: (8, 14) 
Caminho: [(24, 30), (23, 30), (22, 30), (21, 30), (20, 30), (19, 30), (18, 30), (17, 30), (16, 30), (15, 30), (14, 30), (13, 30), (12, 30), (11, 30), (10, 30), (9, 30), (8, 30), (8, 29), (8, 28), (8, 27), (8, 26), (8, 25), (8, 24), (8, 23), (8, 22), (8, 21), (8, 20), (8, 19), (8, 18), (8, 17), (8, 16), (8, 15), (8, 14)] 
Custo: 360 
Nos Gerados: 706 
Nos Visitados: 679 
Funcao de Custo: 3 

BFS:
Inicio: (24, 30) 
Chegada: (8, 14) 
Caminho: [(24, 30), (23, 30), (22, 30), (21, 30), (20, 30), (19, 30), (18, 30), (17, 30), (16, 30), (15, 30), (14, 30), (13, 30), (12, 30), (11, 30), (10, 30), (9, 30), (8, 30), (8, 29), (8, 28), (8, 27), (8, 26), (8, 25), (8, 24), (8, 23), (8, 22), (8, 21), (8, 20), (8, 19), (8, 18), (8, 17), (8, 16), (8, 15), (8, 14)] 
Custo: 330 
Nos Gerados: 706 
Nos Visitados: 679 
Funcao de Custo: 4 

BFS:
Inicio: (10, 26) 
Chegada: (2, 1) 
Caminho: [(10, 26), (9, 26), (8, 26), (7, 26), (6, 26), (5, 26), (4, 26), (3, 26), (2, 26), (2, 25), (2, 24), (2, 23), (2, 22), (2, 21), (2, 20), (2, 19), (2, 18), (2, 17), (2, 16), (2, 15), (2, 14), (2, 13), (2, 12), (2, 11), (2, 10), (2, 9), (2, 8), (2, 7), (2, 6), (2, 5), (2, 4), (2, 3), (2, 2), (2, 1)] 
Custo: 330 
Nos Gerados: 866 
Nos Visitados: 849 
Funcao de Custo: 1 

BFS:
Inicio: (10, 26) 
Chegada: (2, 1) 
Caminho: [(10, 26), (9, 26), (8, 26), (7, 26), (6, 26), (5, 26), (4, 26), (3, 26), (2, 26), (2, 25), (2, 24), (2, 23), (2, 22), (2, 21), (2, 20), (2, 19), (2, 18), (2, 17), (2, 16), (2, 15), (2, 14), (2, 13), (2, 12), (2, 11), (2, 10), (2, 9), (2, 8), (2, 7), (2, 6), (2, 5), (2, 4), (2, 3), (2, 2), (2, 1)] 
Custo: 455 
Nos Gerados: 866 
Nos Visitados: 849 
Funcao de Custo: 2 

BFS:
Inicio: (10, 26) 
Chegada: (2, 1) 
Caminho: [(10, 26), (9, 26), (8, 26), (7, 26), (6, 26), (5, 26), (4, 26), (3, 26), (2, 26), (2, 25), (2, 24), (2, 23), (2, 22), (2, 21), (2, 20), (2, 19), (2, 18), (2, 17), (2, 16), (2, 15), (2, 14), (2, 13), (2, 12), (2, 11), (2, 10), (2, 9), (2, 8), (2, 7), (2, 6), (2, 5), (2, 4), (2, 3), (2, 2), (2, 1)] 
Custo: 392 
Nos Gerados: 866 
Nos Visitados: 849 
Funcao de Custo: 3 

BFS:
Inicio: (10, 26) 
Chegada: (2, 1) 
Caminho: [(10, 26), (9, 26), (8, 26), (7, 26), (6, 26), (5, 26), (4, 26), (3, 26), (2, 26), (2, 25), (2, 24), (2, 23), (2, 22), (2, 21), (2, 20), (2, 19), (2, 18), (2, 17), (2, 16), (2, 15), (2, 14), (2, 13), (2, 12), (2, 11), (2, 10), (2, 9), (2, 8), (2, 7), (2, 6), (2, 5), (2, 4), (2, 3), (2, 2), (2, 1)] 
Custo: 321 
Nos Gerados: 866 
Nos Visitados: 849 
Funcao de Custo: 4 

BFS:
Inicio: (23, 24) 
Chegada: (3, 28) 
Caminho: [(23, 24), (22, 24), (21, 24), (20, 24), (19, 24), (18, 24), (17, 24), (16, 24), (15, 24), (14, 24), (13, 24), (12, 24), (11, 24), (10, 24), (9, 24), (8, 24), (7, 24), (6, 24), (5, 24), (4, 24), (3, 24), (3, 25), (3, 26), (3, 27), (3, 28)] 
Custo: 240 
Nos Gerados: 649 
Nos Visitados: 613 
Funcao de Custo: 1 

BFS:
Inicio: (23, 24) 
Chegada: (3, 28) 
Caminho: [(23, 24), (22, 24), (21, 24), (20, 24), (19, 24), (18, 24), (17, 24), (16, 24), (15, 24), (14, 24), (13, 24), (12, 24), (11, 24), (10, 24), (9, 24), (8, 24), (7, 24), (6, 24), (5, 24), (4, 24), (3, 24), (3, 25), (3, 26), (3, 27), (3, 28)] 
Custo: 260 
Nos Gerados: 649 
Nos Visitados: 613 
Funcao de Custo: 2 

BFS:
Inicio: (23, 24) 
Chegada: (3, 28) 
Caminho: [(23, 24), (22, 24), (21, 24), (20, 24), (19, 24), (18, 24), (17, 24), (16, 24), (15, 24), (14, 24), (13, 24), (12, 24), (11, 24), (10, 24), (9, 24), (8, 24), (7, 24), (6, 24), (5, 24), (4, 24), (3, 24), (3, 25), (3, 26), (3, 27), (3, 28)] 
Custo: 254 
Nos Gerados: 649 
Nos Visitados: 613 
Funcao de Custo: 3 

BFS:
Inicio: (23, 24) 
Chegada: (3, 28) 
Caminho: [(23, 24), (22, 24), (21, 24), (20, 24), (19, 24), (18, 24), (17, 24), (16, 24), (15, 24), (14, 24), (13, 24), (12, 24), (11, 24), (10, 24), (9, 24), (8, 24), (7, 24), (6, 24), (5, 24), (4, 24), (3, 24), (3, 25), (3, 26), (3, 27), (3, 28)] 
Custo: 240 
Nos Gerados: 649 
Nos Visitados: 613 
Funcao de Custo: 4 

BFS:
Inicio: (0, 29) 
Chegada: (2, 2) 
Caminho: [(0, 29), (1, 29), (2, 29), (2, 28), (2, 27), (2, 26), (2, 25), (2, 24), (2, 23), (2, 22), (2, 21), (2, 20), (2, 19), (2, 18), (2, 17), (2, 16), (2, 15), (2, 14), (2, 13), (2, 12), (2, 11), (2, 10), (2, 9), (2, 8), (2, 7), (2, 6), (2, 5), (2, 4), (2, 3), (2, 2)] 
Custo: 290 
Nos Gerados: 523 
Nos Visitados: 492 
Funcao de Custo: 1 

BFS:
Inicio: (0, 29) 
Chegada: (2, 2) 
Caminho: [(0, 29), (1, 29), (2, 29), (2, 28), (2, 27), (2, 26), (2, 25), (2, 24), (2, 23), (2, 22), (2, 21), (2, 20), (2, 19), (2, 18), (2, 17), (2, 16), (2, 15), (2, 14), (2, 13), (2, 12), (2, 11), (2, 10), (2, 9), (2, 8), (2, 7), (2, 6), (2, 5), (2, 4), (2, 3), (2, 2)] 
Custo: 425 
Nos Gerados: 523 
Nos Visitados: 492 
Funcao de Custo: 2 

BFS:
Inicio: (0, 29) 
Chegada: (2, 2) 
Caminho: [(0, 29), (1, 29), (2, 29), (2, 28), (2, 27), (2, 26), (2, 25), (2, 24), (2, 23), (2, 22), (2, 21), (2, 20), (2, 19), (2, 18), (2, 17), (2, 16), (2, 15), (2, 14), (2, 13), (2, 12), (2, 11), (2, 10), (2, 9), (2, 8), (2, 7), (2, 6), (2, 5), (2, 4), (2, 3), (2, 2)] 
Custo: 355 
Nos Gerados: 523 
Nos Visitados: 492 
Funcao de Custo: 3 

BFS:
Inicio: (0, 29) 
Chegada: (2, 2) 
Caminho: [(0, 29), (1, 29), (2, 29), (2, 28), (2, 27), (2, 26), (2, 25), (2, 24), (2, 23), (2, 22), (2, 21), (2, 20), (2, 19), (2, 18), (2, 17), (2, 16), (2, 15), (2, 14), (2, 13), (2, 12), (2, 11), (2, 10), (2, 9), (2, 8), (2, 7), (2, 6), (2, 5), (2, 4), (2, 3), (2, 2)] 
Custo: 276 
Nos Gerados: 523 
Nos Visitados: 492 
Funcao de Custo: 4 

BFS:
Inicio: (7, 8) 
Chegada: (15, 22) 
Caminho: [(7, 8), (8, 8), (9, 8), (10, 8), (11, 8), (12, 8), (13, 8), (14, 8), (15, 8), (15, 9), (15, 10), (15, 11), (15, 12), (15, 13), (15, 14), (15, 15), (15, 16), (15, 17), (15, 18), (15, 19), (15, 20), (15, 21), (15, 22)] 
Custo: 220 
Nos Gerados: 643 
Nos Visitados: 605 
Funcao de Custo: 1 

BFS:
Inicio: (7, 8) 
Chegada: (15, 22) 
Caminho: [(7, 8), (8, 8), (9, 8), (10, 8), (11, 8), (12, 8), (13, 8), (14, 8), (15, 8), (15, 9), (15, 10), (15, 11), (15, 12), (15, 13), (15, 14), (15, 15), (15, 16), (15, 17), (15, 18), (15, 19), (15, 20), (15, 21), (15, 22)] 
Custo: 290 
Nos Gerados: 643 
Nos Visitados: 605 
Funcao de Custo: 2 

BFS:
Inicio: (7, 8) 
Chegada: (15, 22) 
Caminho: [(7, 8), (8, 8), (9, 8), (10, 8), (11, 8), (12, 8), (13, 8), (14, 8), (15, 8), (15, 9), (15, 10), (15, 11), (15, 12), (15, 13), (15, 14), (15, 15), (15, 16), (15, 17), (15, 18), (15, 19), (15, 20), (15, 21), (15, 22)] 
Custo: 255 
Nos Gerados: 643 
Nos Visitados: 605 
Funcao de Custo: 3 

BFS:
Inicio: (7, 8) 
Chegada: (15, 22) 
Caminho: [(7, 8), (8, 8), (9, 8), (10, 8), (11, 8), (12, 8), (13, 8), (14, 8), (15, 8), (15, 9), (15, 10), (15, 11), (15, 12), (15, 13), (15, 14), (15, 15), (15, 16), (15, 17), (15, 18), (15, 19), (15, 20), (15, 21), (15, 22)] 
Custo: 211 
Nos Gerados: 643 
Nos Visitados: 605 
Funcao de Custo: 4 

BFS:
Inicio: (30, 12) 
Chegada: (14, 26) 
Caminho: [(30, 12), (29, 12), (28, 12), (27, 12), (26, 12), (25, 12), (24, 12), (23, 12), (22, 12), (21, 12), (20, 12), (19, 12), (18, 12), (17, 12), (16, 12), (15, 12), (14, 12), (14, 13), (14, 14), (14, 15), (14, 16), (14, 17), (14, 18), (14, 19), (14, 20), (14, 21), (14, 22), (14, 23), (14, 24), (14, 25), (14, 26)] 
Custo: 300 
Nos Gerados: 738 
Nos Visitados: 708 
Funcao de Custo: 1 

BFS:
Inicio: (30, 12) 
Chegada: (14, 26) 
Caminho: [(30, 12), (29, 12), (28, 12), (27, 12), (26, 12), (25, 12), (24, 12), (23, 12), (22, 12), (21, 12), (20, 12), (19, 12), (18, 12), (17, 12), (16, 12), (15, 12), (14, 12), (14, 13), (14, 14), (14, 15), (14, 16), (14, 17), (14, 18), (14, 19), (14, 20), (14, 21), (14, 22), (14, 23), (14, 24), (14, 25), (14, 26)] 
Custo: 370 
Nos Gerados: 738 
Nos Visitados: 708 
Funcao de Custo: 2 

BFS:
Inicio: (30, 12) 
Chegada: (14, 26) 
Caminho: [(30, 12), (29, 12), (28, 12), (27, 12), (26, 12), (25, 12), (24, 12), (23, 12), (22, 12), (21, 12), (20, 12), (19, 12), (18, 12), (17, 12), (16, 12), (15, 12), (14, 12), (14, 13), (14, 14), (14, 15), (14, 16), (14, 17), (14, 18), (14, 19), (14, 20), (14, 21), (14, 22), (14, 23), (14, 24), (14, 25), (14, 26)] 
Custo: 339 
Nos Gerados: 738 
Nos Visitados: 708 
Funcao de Custo: 3 

BFS:
Inicio: (30, 12) 
Chegada: (14, 26) 
Caminho: [(30, 12), (29, 12), (28, 12), (27, 12), (26, 12), (25, 12), (24, 12), (23, 12), (22, 12), (21, 12), (20, 12), (19, 12), (18, 12), (17, 12), (16, 12), (15, 12), (14, 12), (14, 13), (14, 14), (14, 15), (14, 16), (14, 17), (14, 18), (14, 19), (14, 20), (14, 21), (14, 22), (14, 23), (14, 24), (14, 25), (14, 26)] 
Custo: 303 
Nos Gerados: 738 
Nos Visitados: 708 
Funcao de Custo: 4 

BFS:
Inicio: (21, 4) 
Chegada: (30, 3) 
Caminho: [(21, 4), (22, 4), (23, 4), (24, 4), (25, 4), (26, 4), (27, 4), (28, 4), (29, 4), (30, 4), (30, 3)] 
Custo: 100 
Nos Gerados: 199 
Nos Visitados: 171 
Funcao de Custo: 1 

BFS:
Inicio: (21, 4) 
Chegada: (30, 3) 
Caminho: [(21, 4), (22, 4), (23, 4), (24, 4), (25, 4), (26, 4), (27, 4), (28, 4), (29, 4), (30, 4), (30, 3)] 
Custo: 105 
Nos Gerados: 199 
Nos Visitados: 171 
Funcao de Custo: 2 

BFS:
Inicio: (21, 4) 
Chegada: (30, 3) 
Caminho: [(21, 4), (22, 4), (23, 4), (24, 4), (25, 4), (26, 4), (27, 4), (28, 4), (29, 4), (30, 4), (30, 3)] 
Custo: 103 
Nos Gerados: 199 
Nos Visitados: 171 
Funcao de Custo: 3 

BFS:
Inicio: (21, 4) 
Chegada: (30, 3) 
Caminho: [(21, 4), (22, 4), (23, 4), (24, 4), (25, 4), (26, 4), (27, 4), (28, 4), (29, 4), (30, 4), (30, 3)] 
Custo: 97 
Nos Gerados: 199 
Nos Visitados: 171 
Funcao de Custo: 4 

BFS:
Inicio: (7, 6) 
Chegada: (17, 0) 
Caminho: [(7, 6), (8, 6), (9, 6), (10, 6), (11, 6), (12, 6), (13, 6), (14, 6), (15, 6), (16, 6), (17, 6), (17, 5), (17, 4), (17, 3), (17, 2), (17, 1), (17, 0)] 
Custo: 160 
Nos Gerados: 387 
Nos Visitados: 356 
Funcao de Custo: 1 

BFS:
Inicio: (7, 6) 
Chegada: (17, 0) 
Caminho: [(7, 6), (8, 6), (9, 6), (10, 6), (11, 6), (12, 6), (13, 6), (14, 6), (15, 6), (16, 6), (17, 6), (17, 5), (17, 4), (17, 3), (17, 2), (17, 1), (17, 0)] 
Custo: 190 
Nos Gerados: 387 
Nos Visitados: 356 
Funcao de Custo: 2 

BFS:
Inicio: (7, 6) 
Chegada: (17, 0) 
Caminho: [(7, 6), (8, 6), (9, 6), (10, 6), (11, 6), (12, 6), (13, 6), (14, 6), (15, 6), (16, 6), (17, 6), (17, 5), (17, 4), (17, 3), (17, 2), (17, 1), (17, 0)] 
Custo: 175 
Nos Gerados: 387 
Nos Visitados: 356 
Funcao de Custo: 3 

BFS:
Inicio: (7, 6) 
Chegada: (17, 0) 
Caminho: [(7, 6), (8, 6), (9, 6), (10, 6), (11, 6), (12, 6), (13, 6), (14, 6), (15, 6), (16, 6), (17, 6), (17, 5), (17, 4), (17, 3), (17, 2), (17, 1), (17, 0)] 
Custo: 141 
Nos Gerados: 387 
Nos Visitados: 356 
Funcao de Custo: 4 

BFS:
Inicio: (25, 2) 
Chegada: (3, 1) 
Caminho: [(25, 2), (24, 2), (23, 2), (22, 2), (21, 2), (20, 2), (19, 2), (18, 2), (17, 2), (16, 2), (15, 2), (14, 2), (13, 2), (12, 2), (11, 2), (10, 2), (9, 2), (8, 2), (7, 2), (6, 2), (5, 2), (4, 2), (3, 2), (3, 1)] 
Custo: 230 
Nos Gerados: 463 
Nos Visitados: 431 
Funcao de Custo: 1 

BFS:
Inicio: (25, 2) 
Chegada: (3, 1) 
Caminho: [(25, 2), (24, 2), (23, 2), (22, 2), (21, 2), (20, 2), (19, 2), (18, 2), (17, 2), (16, 2), (15, 2), (14, 2), (13, 2), (12, 2), (11, 2), (10, 2), (9, 2), (8, 2), (7, 2), (6, 2), (5, 2), (4, 2), (3, 2), (3, 1)] 
Custo: 235 
Nos Gerados: 463 
Nos Visitados: 431 
Funcao de Custo: 2 

BFS:
Inicio: (25, 2) 
Chegada: (3, 1) 
Caminho: [(25, 2), (24, 2), (23, 2), (22, 2), (21, 2), (20, 2), (19, 2), (18, 2), (17, 2), (16, 2), (15, 2), (14, 2), (13, 2), (12, 2), (11, 2), (10, 2), (9, 2), (8, 2), (7, 2), (6, 2), (5, 2), (4, 2), (3, 2), (3, 1)] 
Custo: 234 
Nos Gerados: 463 
Nos Visitados: 431 
Funcao de Custo: 3 

BFS:
Inicio: (25, 2) 
Chegada: (3, 1) 
Caminho: [(25, 2), (24, 2), (23, 2), (22, 2), (21, 2), (20, 2), (19, 2), (18, 2), (17, 2), (16, 2), (15, 2), (14, 2), (13, 2), (12, 2), (11, 2), (10, 2), (9, 2), (8, 2), (7, 2), (6, 2), (5, 2), (4, 2), (3, 2), (3, 1)] 
Custo: 225 
Nos Gerados: 463 
Nos Visitados: 431 
Funcao de Custo: 4 

BFS:
Inicio: (13, 1) 
Chegada: (27, 19) 
Caminho: [(13, 1), (14, 1), (15, 1), (16, 1), (17, 1), (18, 1), (19, 1), (20, 1), (21, 1), (22, 1), (23, 1), (24, 1), (25, 1), (26, 1), (27, 1), (27, 2), (27, 3), (27, 4), (27, 5), (27, 6), (27, 7), (27, 8), (27, 9), (27, 10), (27, 11), (27, 12), (27, 13), (27, 14), (27, 15), (27, 16), (27, 17), (27, 18), (27, 19)] 
Custo: 320 
Nos Gerados: 814 
Nos Visitados: 790 
Funcao de Custo: 1 

BFS:
Inicio: (13, 1) 
Chegada: (27, 19) 
Caminho: [(13, 1), (14, 1), (15, 1), (16, 1), (17, 1), (18, 1), (19, 1), (20, 1), (21, 1), (22, 1), (23, 1), (24, 1), (25, 1), (26, 1), (27, 1), (27, 2), (27, 3), (27, 4), (27, 5), (27, 6), (27, 7), (27, 8), (27, 9), (27, 10), (27, 11), (27, 12), (27, 13), (27, 14), (27, 15), (27, 16), (27, 17), (27, 18), (27, 19)] 
Custo: 410 
Nos Gerados: 814 
Nos Visitados: 790 
Funcao de Custo: 2 

BFS:
Inicio: (13, 1) 
Chegada: (27, 19) 
Caminho: [(13, 1), (14, 1), (15, 1), (16, 1), (17, 1), (18, 1), (19, 1), (20, 1), (21, 1), (22, 1), (23, 1), (24, 1), (25, 1), (26, 1), (27, 1), (27, 2), (27, 3), (27, 4), (27, 5), (27, 6), (27, 7), (27, 8), (27, 9), (27, 10), (27, 11), (27, 12), (27, 13), (27, 14), (27, 15), (27, 16), (27, 17), (27, 18), (27, 19)] 
Custo: 365 
Nos Gerados: 814 
Nos Visitados: 790 
Funcao de Custo: 3 

BFS:
Inicio: (13, 1) 
Chegada: (27, 19) 
Caminho: [(13, 1), (14, 1), (15, 1), (16, 1), (17, 1), (18, 1), (19, 1), (20, 1), (21, 1), (22, 1), (23, 1), (24, 1), (25, 1), (26, 1), (27, 1), (27, 2), (27, 3), (27, 4), (27, 5), (27, 6), (27, 7), (27, 8), (27, 9), (27, 10), (27, 11), (27, 12), (27, 13), (27, 14), (27, 15), (27, 16), (27, 17), (27, 18), (27, 19)] 
Custo: 327 
Nos Gerados: 814 
Nos Visitados: 790 
Funcao de Custo: 4 

BFS:
Inicio: (10, 11) 
Chegada: (1, 6) 
Caminho: [(10, 11), (9, 11), (8, 11), (7, 11), (6, 11), (5, 11), (4, 11), (3, 11), (2, 11), (1, 11), (1, 10), (1, 9), (1, 8), (1, 7), (1, 6)] 
Custo: 140 
Nos Gerados: 398 
Nos Visitados: 355 
Funcao de Custo: 1 

BFS:
Inicio: (10, 11) 
Chegada: (1, 6) 
Caminho: [(10, 11), (9, 11), (8, 11), (7, 11), (6, 11), (5, 11), (4, 11), (3, 11), (2, 11), (1, 11), (1, 10), (1, 9), (1, 8), (1, 7), (1, 6)] 
Custo: 165 
Nos Gerados: 398 
Nos Visitados: 355 
Funcao de Custo: 2 

BFS:
Inicio: (10, 11) 
Chegada: (1, 6) 
Caminho: [(10, 11), (9, 11), (8, 11), (7, 11), (6, 11), (5, 11), (4, 11), (3, 11), (2, 11), (1, 11), (1, 10), (1, 9), (1, 8), (1, 7), (1, 6)] 
Custo: 153 
Nos Gerados: 398 
Nos Visitados: 355 
Funcao de Custo: 3 

BFS:
Inicio: (10, 11) 
Chegada: (1, 6) 
Caminho: [(10, 11), (9, 11), (8, 11), (7, 11), (6, 11), (5, 11), (4, 11), (3, 11), (2, 11), (1, 11), (1, 10), (1, 9), (1, 8), (1, 7), (1, 6)] 
Custo: 121 
Nos Gerados: 398 
Nos Visitados: 355 
Funcao de Custo: 4 

BFS:
Inicio: (21, 19) 
Chegada: (16, 7) 
Caminho: [(21, 19), (20, 19), (19, 19), (18, 19), (17, 19), (16, 19), (16, 18), (16, 17), (16, 16), (16, 15), (16, 14), (16, 13), (16, 12), (16, 11), (16, 10), (16, 9), (16, 8), (16, 7)] 
Custo: 170 
Nos Gerados: 537 
Nos Visitados: 495 
Funcao de Custo: 1 

BFS:
Inicio: (21, 19) 
Chegada: (16, 7) 
Caminho: [(21, 19), (20, 19), (19, 19), (18, 19), (17, 19), (16, 19), (16, 18), (16, 17), (16, 16), (16, 15), (16, 14), (16, 13), (16, 12), (16, 11), (16, 10), (16, 9), (16, 8), (16, 7)] 
Custo: 230 
Nos Gerados: 537 
Nos Visitados: 495 
Funcao de Custo: 2 

BFS:
Inicio: (21, 19) 
Chegada: (16, 7) 
Caminho: [(21, 19), (20, 19), (19, 19), (18, 19), (17, 19), (16, 19), (16, 18), (16, 17), (16, 16), (16, 15), (16, 14), (16, 13), (16, 12), (16, 11), (16, 10), (16, 9), (16, 8), (16, 7)] 
Custo: 196 
Nos Gerados: 537 
Nos Visitados: 495 
Funcao de Custo: 3 

BFS:
Inicio: (21, 19) 
Chegada: (16, 7) 
Caminho: [(21, 19), (20, 19), (19, 19), (18, 19), (17, 19), (16, 19), (16, 18), (16, 17), (16, 16), (16, 15), (16, 14), (16, 13), (16, 12), (16, 11), (16, 10), (16, 9), (16, 8), (16, 7)] 
Custo: 146 
Nos Gerados: 537 
Nos Visitados: 495 
Funcao de Custo: 4 

BFS:
Inicio: (24, 17) 
Chegada: (10, 11) 
Caminho: [(24, 17), (23, 17), (22, 17), (21, 17), (20, 17), (19, 17), (18, 17), (17, 17), (16, 17), (15, 17), (14, 17), (13, 17), (12, 17), (11, 17), (10, 17), (10, 16), (10, 15), (10, 14), (10, 13), (10, 12), (10, 11)] 
Custo: 200 
Nos Gerados: 600 
Nos Visitados: 564 
Funcao de Custo: 1 

BFS:
Inicio: (24, 17) 
Chegada: (10, 11) 
Caminho: [(24, 17), (23, 17), (22, 17), (21, 17), (20, 17), (19, 17), (18, 17), (17, 17), (16, 17), (15, 17), (14, 17), (13, 17), (12, 17), (11, 17), (10, 17), (10, 16), (10, 15), (10, 14), (10, 13), (10, 12), (10, 11)] 
Custo: 230 
Nos Gerados: 600 
Nos Visitados: 564 
Funcao de Custo: 2 

BFS:
Inicio: (24, 17) 
Chegada: (10, 11) 
Caminho: [(24, 17), (23, 17), (22, 17), (21, 17), (20, 17), (19, 17), (18, 17), (17, 17), (16, 17), (15, 17), (14, 17), (13, 17), (12, 17), (11, 17), (10, 17), (10, 16), (10, 15), (10, 14), (10, 13), (10, 12), (10, 11)] 
Custo: 215 
Nos Gerados: 600 
Nos Visitados: 564 
Funcao de Custo: 3 

BFS:
Inicio: (24, 17) 
Chegada: (10, 11) 
Caminho: [(24, 17), (23, 17), (22, 17), (21, 17), (20, 17), (19, 17), (18, 17), (17, 17), (16, 17), (15, 17), (14, 17), (13, 17), (12, 17), (11, 17), (10, 17), (10, 16), (10, 15), (10, 14), (10, 13), (10, 12), (10, 11)] 
Custo: 203 
Nos Gerados: 600 
Nos Visitados: 564 
Funcao de Custo: 4 

BFS:
Inicio: (22, 12) 
Chegada: (27, 8) 
Caminho: [(22, 12), (23, 12), (24, 12), (25, 12), (26, 12), (27, 12), (27, 11), (27, 10), (27, 9), (27, 8)] 
Custo: 90 
Nos Gerados: 205 
Nos Visitados: 169 
Funcao de Custo: 1 

BFS:
Inicio: (22, 12) 
Chegada: (27, 8) 
Caminho: [(22, 12), (23, 12), (24, 12), (25, 12), (26, 12), (27, 12), (27, 11), (27, 10), (27, 9), (27, 8)] 
Custo: 110 
Nos Gerados: 205 
Nos Visitados: 169 
Funcao de Custo: 2 

BFS:
Inicio: (22, 12) 
Chegada: (27, 8) 
Caminho: [(22, 12), (23, 12), (24, 12), (25, 12), (26, 12), (27, 12), (27, 11), (27, 10), (27, 9), (27, 8)] 
Custo: 94 
Nos Gerados: 205 
Nos Visitados: 169 
Funcao de Custo: 3 

BFS:
Inicio: (22, 12) 
Chegada: (27, 8) 
Caminho: [(22, 12), (23, 12), (24, 12), (25, 12), (26, 12), (27, 12), (27, 11), (27, 10), (27, 9), (27, 8)] 
Custo: 88 
Nos Gerados: 205 
Nos Visitados: 169 
Funcao de Custo: 4 

BFS:
Inicio: (19, 17) 
Chegada: (5, 26) 
Caminho: [(19, 17), (18, 17), (17, 17), (16, 17), (15, 17), (14, 17), (13, 17), (12, 17), (11, 17), (10, 17), (9, 17), (8, 17), (7, 17), (6, 17), (5, 17), (5, 18), (5, 19), (5, 20), (5, 21), (5, 22), (5, 23), (5, 24), (5, 25), (5, 26)] 
Custo: 230 
Nos Gerados: 820 
Nos Visitados: 789 
Funcao de Custo: 1 

BFS:
Inicio: (19, 17) 
Chegada: (5, 26) 
Caminho: [(19, 17), (18, 17), (17, 17), (16, 17), (15, 17), (14, 17), (13, 17), (12, 17), (11, 17), (10, 17), (9, 17), (8, 17), (7, 17), (6, 17), (5, 17), (5, 18), (5, 19), (5, 20), (5, 21), (5, 22), (5, 23), (5, 24), (5, 25), (5, 26)] 
Custo: 275 
Nos Gerados: 820 
Nos Visitados: 789 
Funcao de Custo: 2 

BFS:
Inicio: (19, 17) 
Chegada: (5, 26) 
Caminho: [(19, 17), (18, 17), (17, 17), (16, 17), (15, 17), (14, 17), (13, 17), (12, 17), (11, 17), (10, 17), (9, 17), (8, 17), (7, 17), (6, 17), (5, 17), (5, 18), (5, 19), (5, 20), (5, 21), (5, 22), (5, 23), (5, 24), (5, 25), (5, 26)] 
Custo: 254 
Nos Gerados: 820 
Nos Visitados: 789 
Funcao de Custo: 3 

BFS:
Inicio: (19, 17) 
Chegada: (5, 26) 
Caminho: [(19, 17), (18, 17), (17, 17), (16, 17), (15, 17), (14, 17), (13, 17), (12, 17), (11, 17), (10, 17), (9, 17), (8, 17), (7, 17), (6, 17), (5, 17), (5, 18), (5, 19), (5, 20), (5, 21), (5, 22), (5, 23), (5, 24), (5, 25), (5, 26)] 
Custo: 237 
Nos Gerados: 820 
Nos Visitados: 789 
Funcao de Custo: 4 

BFS:
Inicio: (15, 5) 
Chegada: (11, 20) 
Caminho: [(15, 5), (14, 5), (13, 5), (12, 5), (11, 5), (11, 6), (11, 7), (11, 8), (11, 9), (11, 10), (11, 11), (11, 12), (11, 13), (11, 14), (11, 15), (11, 16), (11, 17), (11, 18), (11, 19), (11, 20)] 
Custo: 190 
Nos Gerados: 545 
Nos Visitados: 512 
Funcao de Custo: 1 

BFS:
Inicio: (15, 5) 
Chegada: (11, 20) 
Caminho: [(15, 5), (14, 5), (13, 5), (12, 5), (11, 5), (11, 6), (11, 7), (11, 8), (11, 9), (11, 10), (11, 11), (11, 12), (11, 13), (11, 14), (11, 15), (11, 16), (11, 17), (11, 18), (11, 19), (11, 20)] 
Custo: 265 
Nos Gerados: 545 
Nos Visitados: 512 
Funcao de Custo: 2 

BFS:
Inicio: (15, 5) 
Chegada: (11, 20) 
Caminho: [(15, 5), (14, 5), (13, 5), (12, 5), (11, 5), (11, 6), (11, 7), (11, 8), (11, 9), (11, 10), (11, 11), (11, 12), (11, 13), (11, 14), (11, 15), (11, 16), (11, 17), (11, 18), (11, 19), (11, 20)] 
Custo: 223 
Nos Gerados: 545 
Nos Visitados: 512 
Funcao de Custo: 3 

BFS:
Inicio: (15, 5) 
Chegada: (11, 20) 
Caminho: [(15, 5), (14, 5), (13, 5), (12, 5), (11, 5), (11, 6), (11, 7), (11, 8), (11, 9), (11, 10), (11, 11), (11, 12), (11, 13), (11, 14), (11, 15), (11, 16), (11, 17), (11, 18), (11, 19), (11, 20)] 
Custo: 171 
Nos Gerados: 545 
Nos Visitados: 512 
Funcao de Custo: 4 

BFS:
Inicio: (17, 22) 
Chegada: (12, 9) 
Caminho: [(17, 22), (16, 22), (15, 22), (14, 22), (13, 22), (12, 22), (12, 21), (12, 20), (12, 19), (12, 18), (12, 17), (12, 16), (12, 15), (12, 14), (12, 13), (12, 12), (12, 11), (12, 10), (12, 9)] 
Custo: 180 
Nos Gerados: 578 
Nos Visitados: 537 
Funcao de Custo: 1 

BFS:
Inicio: (17, 22) 
Chegada: (12, 9) 
Caminho: [(17, 22), (16, 22), (15, 22), (14, 22), (13, 22), (12, 22), (12, 21), (12, 20), (12, 19), (12, 18), (12, 17), (12, 16), (12, 15), (12, 14), (12, 13), (12, 12), (12, 11), (12, 10), (12, 9)] 
Custo: 245 
Nos Gerados: 578 
Nos Visitados: 537 
Funcao de Custo: 2 

BFS:
Inicio: (17, 22) 
Chegada: (12, 9) 
Caminho: [(17, 22), (16, 22), (15, 22), (14, 22), (13, 22), (12, 22), (12, 21), (12, 20), (12, 19), (12, 18), (12, 17), (12, 16), (12, 15), (12, 14), (12, 13), (12, 12), (12, 11), (12, 10), (12, 9)] 
Custo: 211 
Nos Gerados: 578 
Nos Visitados: 537 
Funcao de Custo: 3 

BFS:
Inicio: (17, 22) 
Chegada: (12, 9) 
Caminho: [(17, 22), (16, 22), (15, 22), (14, 22), (13, 22), (12, 22), (12, 21), (12, 20), (12, 19), (12, 18), (12, 17), (12, 16), (12, 15), (12, 14), (12, 13), (12, 12), (12, 11), (12, 10), (12, 9)] 
Custo: 157 
Nos Gerados: 578 
Nos Visitados: 537 
Funcao de Custo: 4 

BFS:
Inicio: (6, 0) 
Chegada: (0, 3) 
Caminho: [(6, 0), (5, 0), (4, 0), (3, 0), (2, 0), (1, 0), (0, 0), (0, 1), (0, 2), (0, 3)] 
Custo: 90 
Nos Gerados: 94 
Nos Visitados: 79 
Funcao de Custo: 1 

BFS:
Inicio: (6, 0) 
Chegada: (0, 3) 
Caminho: [(6, 0), (5, 0), (4, 0), (3, 0), (2, 0), (1, 0), (0, 0), (0, 1), (0, 2), (0, 3)] 
Custo: 105 
Nos Gerados: 94 
Nos Visitados: 79 
Funcao de Custo: 2 

BFS:
Inicio: (6, 0) 
Chegada: (0, 3) 
Caminho: [(6, 0), (5, 0), (4, 0), (3, 0), (2, 0), (1, 0), (0, 0), (0, 1), (0, 2), (0, 3)] 
Custo: 93 
Nos Gerados: 94 
Nos Visitados: 79 
Funcao de Custo: 3 

BFS:
Inicio: (6, 0) 
Chegada: (0, 3) 
Caminho: [(6, 0), (5, 0), (4, 0), (3, 0), (2, 0), (1, 0), (0, 0), (0, 1), (0, 2), (0, 3)] 
Custo: 87 
Nos Gerados: 94 
Nos Visitados: 79 
Funcao de Custo: 4 

BFS:
Inicio: (28, 3) 
Chegada: (4, 25) 
Caminho: [(28, 3), (27, 3), (26, 3), (25, 3), (24, 3), (23, 3), (22, 3), (21, 3), (20, 3), (19, 3), (18, 3), (17, 3), (16, 3), (15, 3), (14, 3), (13, 3), (12, 3), (11, 3), (10, 3), (9, 3), (8, 3), (7, 3), (6, 3), (5, 3), (4, 3), (4, 4), (4, 5), (4, 6), (4, 7), (4, 8), (4, 9), (4, 10), (4, 11), (4, 12), (4, 13), (4, 14), (4, 15), (4, 16), (4, 17), (4, 18), (4, 19), (4, 20), (4, 21), (4, 22), (4, 23), (4, 24), (4, 25)] 
Custo: 460 
Nos Gerados: 920 
Nos Visitados: 911 
Funcao de Custo: 1 

BFS:
Inicio: (28, 3) 
Chegada: (4, 25) 
Caminho: [(28, 3), (27, 3), (26, 3), (25, 3), (24, 3), (23, 3), (22, 3), (21, 3), (20, 3), (19, 3), (18, 3), (17, 3), (16, 3), (15, 3), (14, 3), (13, 3), (12, 3), (11, 3), (10, 3), (9, 3), (8, 3), (7, 3), (6, 3), (5, 3), (4, 3), (4, 4), (4, 5), (4, 6), (4, 7), (4, 8), (4, 9), (4, 10), (4, 11), (4, 12), (4, 13), (4, 14), (4, 15), (4, 16), (4, 17), (4, 18), (4, 19), (4, 20), (4, 21), (4, 22), (4, 23), (4, 24), (4, 25)] 
Custo: 570 
Nos Gerados: 920 
Nos Visitados: 911 
Funcao de Custo: 2 

BFS:
Inicio: (28, 3) 
Chegada: (4, 25) 
Caminho: [(28, 3), (27, 3), (26, 3), (25, 3), (24, 3), (23, 3), (22, 3), (21, 3), (20, 3), (19, 3), (18, 3), (17, 3), (16, 3), (15, 3), (14, 3), (13, 3), (12, 3), (11, 3), (10, 3), (9, 3), (8, 3), (7, 3), (6, 3), (5, 3), (4, 3), (4, 4), (4, 5), (4, 6), (4, 7), (4, 8), (4, 9), (4, 10), (4, 11), (4, 12), (4, 13), (4, 14), (4, 15), (4, 16), (4, 17), (4, 18), (4, 19), (4, 20), (4, 21), (4, 22), (4, 23), (4, 24), (4, 25)] 
Custo: 511 
Nos Gerados: 920 
Nos Visitados: 911 
Funcao de Custo: 3 

BFS:
Inicio: (28, 3) 
Chegada: (4, 25) 
Caminho: [(28, 3), (27, 3), (26, 3), (25, 3), (24, 3), (23, 3), (22, 3), (21, 3), (20, 3), (19, 3), (18, 3), (17, 3), (16, 3), (15, 3), (14, 3), (13, 3), (12, 3), (11, 3), (10, 3), (9, 3), (8, 3), (7, 3), (6, 3), (5, 3), (4, 3), (4, 4), (4, 5), (4, 6), (4, 7), (4, 8), (4, 9), (4, 10), (4, 11), (4, 12), (4, 13), (4, 14), (4, 15), (4, 16), (4, 17), (4, 18), (4, 19), (4, 20), (4, 21), (4, 22), (4, 23), (4, 24), (4, 25)] 
Custo: 460 
Nos Gerados: 920 
Nos Visitados: 911 
Funcao de Custo: 4 

BFS:
Inicio: (21, 1) 
Chegada: (27, 17) 
Caminho: [(21, 1), (22, 1), (23, 1), (24, 1), (25, 1), (26, 1), (27, 1), (27, 2), (27, 3), (27, 4), (27, 5), (27, 6), (27, 7), (27, 8), (27, 9), (27, 10), (27, 11), (27, 12), (27, 13), (27, 14), (27, 15), (27, 16), (27, 17)] 
Custo: 220 
Nos Gerados: 492 
Nos Visitados: 462 
Funcao de Custo: 1 

BFS:
Inicio: (21, 1) 
Chegada: (27, 17) 
Caminho: [(21, 1), (22, 1), (23, 1), (24, 1), (25, 1), (26, 1), (27, 1), (27, 2), (27, 3), (27, 4), (27, 5), (27, 6), (27, 7), (27, 8), (27, 9), (27, 10), (27, 11), (27, 12), (27, 13), (27, 14), (27, 15), (27, 16), (27, 17)] 
Custo: 300 
Nos Gerados: 492 
Nos Visitados: 462 
Funcao de Custo: 2 

BFS:
Inicio: (21, 1) 
Chegada: (27, 17) 
Caminho: [(21, 1), (22, 1), (23, 1), (24, 1), (25, 1), (26, 1), (27, 1), (27, 2), (27, 3), (27, 4), (27, 5), (27, 6), (27, 7), (27, 8), (27, 9), (27, 10), (27, 11), (27, 12), (27, 13), (27, 14), (27, 15), (27, 16), (27, 17)] 
Custo: 256 
Nos Gerados: 492 
Nos Visitados: 462 
Funcao de Custo: 3 

BFS:
Inicio: (21, 1) 
Chegada: (27, 17) 
Caminho: [(21, 1), (22, 1), (23, 1), (24, 1), (25, 1), (26, 1), (27, 1), (27, 2), (27, 3), (27, 4), (27, 5), (27, 6), (27, 7), (27, 8), (27, 9), (27, 10), (27, 11), (27, 12), (27, 13), (27, 14), (27, 15), (27, 16), (27, 17)] 
Custo: 210 
Nos Gerados: 492 
Nos Visitados: 462 
Funcao de Custo: 4 

BFS:
Inicio: (4, 29) 
Chegada: (30, 3) 
Caminho: [(4, 29), (5, 29), (6, 29), (7, 29), (8, 29), (9, 29), (10, 29), (11, 29), (12, 29), (13, 29), (14, 29), (15, 29), (16, 29), (17, 29), (18, 29), (19, 29), (20, 29), (21, 29), (22, 29), (23, 29), (24, 29), (25, 29), (26, 29), (27, 29), (28, 29), (29, 29), (30, 29), (30, 28), (30, 27), (30, 26), (30, 25), (30, 24), (30, 23), (30, 22), (30, 21), (30, 20), (30, 19), (30, 18), (30, 17), (30, 16), (30, 15), (30, 14), (30, 13), (30, 12), (30, 11), (30, 10), (30, 9), (30, 8), (30, 7), (30, 6), (30, 5), (30, 4), (30, 3)] 
Custo: 520 
Nos Gerados: 955 
Nos Visitados: 952 
Funcao de Custo: 1 

BFS:
Inicio: (4, 29) 
Chegada: (30, 3) 
Caminho: [(4, 29), (5, 29), (6, 29), (7, 29), (8, 29), (9, 29), (10, 29), (11, 29), (12, 29), (13, 29), (14, 29), (15, 29), (16, 29), (17, 29), (18, 29), (19, 29), (20, 29), (21, 29), (22, 29), (23, 29), (24, 29), (25, 29), (26, 29), (27, 29), (28, 29), (29, 29), (30, 29), (30, 28), (30, 27), (30, 26), (30, 25), (30, 24), (30, 23), (30, 22), (30, 21), (30, 20), (30, 19), (30, 18), (30, 17), (30, 16), (30, 15), (30, 14), (30, 13), (30, 12), (30, 11), (30, 10), (30, 9), (30, 8), (30, 7), (30, 6), (30, 5), (30, 4), (30, 3)] 
Custo: 650 
Nos Gerados: 955 
Nos Visitados: 952 
Funcao de Custo: 2 

BFS:
Inicio: (4, 29) 
Chegada: (30, 3) 
Caminho: [(4, 29), (5, 29), (6, 29), (7, 29), (8, 29), (9, 29), (10, 29), (11, 29), (12, 29), (13, 29), (14, 29), (15, 29), (16, 29), (17, 29), (18, 29), (19, 29), (20, 29), (21, 29), (22, 29), (23, 29), (24, 29), (25, 29), (26, 29), (27, 29), (28, 29), (29, 29), (30, 29), (30, 28), (30, 27), (30, 26), (30, 25), (30, 24), (30, 23), (30, 22), (30, 21), (30, 20), (30, 19), (30, 18), (30, 17), (30, 16), (30, 15), (30, 14), (30, 13), (30, 12), (30, 11), (30, 10), (30, 9), (30, 8), (30, 7), (30, 6), (30, 5), (30, 4), (30, 3)] 
Custo: 585 
Nos Gerados: 955 
Nos Visitados: 952 
Funcao de Custo: 3 

BFS:
Inicio: (4, 29) 
Chegada: (30, 3) 
Caminho: [(4, 29), (5, 29), (6, 29), (7, 29), (8, 29), (9, 29), (10, 29), (11, 29), (12, 29), (13, 29), (14, 29), (15, 29), (16, 29), (17, 29), (18, 29), (19, 29), (20, 29), (21, 29), (22, 29), (23, 29), (24, 29), (25, 29), (26, 29), (27, 29), (28, 29), (29, 29), (30, 29), (30, 28), (30, 27), (30, 26), (30, 25), (30, 24), (30, 23), (30, 22), (30, 21), (30, 20), (30, 19), (30, 18), (30, 17), (30, 16), (30, 15), (30, 14), (30, 13), (30, 12), (30, 11), (30, 10), (30, 9), (30, 8), (30, 7), (30, 6), (30, 5), (30, 4), (30, 3)] 
Custo: 522 
Nos Gerados: 955 
Nos Visitados: 952 
Funcao de Custo: 4 

BFS:
Inicio: (25, 15) 
Chegada: (3, 27) 
Caminho: [(25, 15), (24, 15), (23, 15), (22, 15), (21, 15), (20, 15), (19, 15), (18, 15), (17, 15), (16, 15), (15, 15), (14, 15), (13, 15), (12, 15), (11, 15), (10, 15), (9, 15), (8, 15), (7, 15), (6, 15), (5, 15), (4, 15), (3, 15), (3, 16), (3, 17), (3, 18), (3, 19), (3, 20), (3, 21), (3, 22), (3, 23), (3, 24), (3, 25), (3, 26), (3, 27)] 
Custo: 340 
Nos Gerados: 926 
Nos Visitados: 913 
Funcao de Custo: 1 

BFS:
Inicio: (25, 15) 
Chegada: (3, 27) 
Caminho: [(25, 15), (24, 15), (23, 15), (22, 15), (21, 15), (20, 15), (19, 15), (18, 15), (17, 15), (16, 15), (15, 15), (14, 15), (13, 15), (12, 15), (11, 15), (10, 15), (9, 15), (8, 15), (7, 15), (6, 15), (5, 15), (4, 15), (3, 15), (3, 16), (3, 17), (3, 18), (3, 19), (3, 20), (3, 21), (3, 22), (3, 23), (3, 24), (3, 25), (3, 26), (3, 27)] 
Custo: 400 
Nos Gerados: 926 
Nos Visitados: 913 
Funcao de Custo: 2 

BFS:
Inicio: (25, 15) 
Chegada: (3, 27) 
Caminho: [(25, 15), (24, 15), (23, 15), (22, 15), (21, 15), (20, 15), (19, 15), (18, 15), (17, 15), (16, 15), (15, 15), (14, 15), (13, 15), (12, 15), (11, 15), (10, 15), (9, 15), (8, 15), (7, 15), (6, 15), (5, 15), (4, 15), (3, 15), (3, 16), (3, 17), (3, 18), (3, 19), (3, 20), (3, 21), (3, 22), (3, 23), (3, 24), (3, 25), (3, 26), (3, 27)] 
Custo: 370 
Nos Gerados: 926 
Nos Visitados: 913 
Funcao de Custo: 3 

BFS:
Inicio: (25, 15) 
Chegada: (3, 27) 
Caminho: [(25, 15), (24, 15), (23, 15), (22, 15), (21, 15), (20, 15), (19, 15), (18, 15), (17, 15), (16, 15), (15, 15), (14, 15), (13, 15), (12, 15), (11, 15), (10, 15), (9, 15), (8, 15), (7, 15), (6, 15), (5, 15), (4, 15), (3, 15), (3, 16), (3, 17), (3, 18), (3, 19), (3, 20), (3, 21), (3, 22), (3, 23), (3, 24), (3, 25), (3, 26), (3, 27)] 
Custo: 335 
Nos Gerados: 926 
Nos Visitados: 913 
Funcao de Custo: 4 

BFS:
Inicio: (21, 24) 
Chegada: (20, 13) 
Caminho: [(21, 24), (20, 24), (20, 23), (20, 22), (20, 21), (20, 20), (20, 19), (20, 18), (20, 17), (20, 16), (20, 15), (20, 14), (20, 13)] 
Custo: 120 
Nos Gerados: 286 
Nos Visitados: 254 
Funcao de Custo: 1 

BFS:
Inicio: (21, 24) 
Chegada: (20, 13) 
Caminho: [(21, 24), (20, 24), (20, 23), (20, 22), (20, 21), (20, 20), (20, 19), (20, 18), (20, 17), (20, 16), (20, 15), (20, 14), (20, 13)] 
Custo: 175 
Nos Gerados: 286 
Nos Visitados: 254 
Funcao de Custo: 2 

BFS:
Inicio: (21, 24) 
Chegada: (20, 13) 
Caminho: [(21, 24), (20, 24), (20, 23), (20, 22), (20, 21), (20, 20), (20, 19), (20, 18), (20, 17), (20, 16), (20, 15), (20, 14), (20, 13)] 
Custo: 150 
Nos Gerados: 286 
Nos Visitados: 254 
Funcao de Custo: 3 

BFS:
Inicio: (21, 24) 
Chegada: (20, 13) 
Caminho: [(21, 24), (20, 24), (20, 23), (20, 22), (20, 21), (20, 20), (20, 19), (20, 18), (20, 17), (20, 16), (20, 15), (20, 14), (20, 13)] 
Custo: 120 
Nos Gerados: 286 
Nos Visitados: 254 
Funcao de Custo: 4 

BFS:
Inicio: (10, 14) 
Chegada: (30, 12) 
Caminho: [(10, 14), (11, 14), (12, 14), (13, 14), (14, 14), (15, 14), (16, 14), (17, 14), (18, 14), (19, 14), (20, 14), (21, 14), (22, 14), (23, 14), (24, 14), (25, 14), (26, 14), (27, 14), (28, 14), (29, 14), (30, 14), (30, 13), (30, 12)] 
Custo: 220 
Nos Gerados: 771 
Nos Visitados: 738 
Funcao de Custo: 1 

BFS:
Inicio: (10, 14) 
Chegada: (30, 12) 
Caminho: [(10, 14), (11, 14), (12, 14), (13, 14), (14, 14), (15, 14), (16, 14), (17, 14), (18, 14), (19, 14), (20, 14), (21, 14), (22, 14), (23, 14), (24, 14), (25, 14), (26, 14), (27, 14), (28, 14), (29, 14), (30, 14), (30, 13), (30, 12)] 
Custo: 230 
Nos Gerados: 771 
Nos Visitados: 738 
Funcao de Custo: 2 

BFS:
Inicio: (10, 14) 
Chegada: (30, 12) 
Caminho: [(10, 14), (11, 14), (12, 14), (13, 14), (14, 14), (15, 14), (16, 14), (17, 14), (18, 14), (19, 14), (20, 14), (21, 14), (22, 14), (23, 14), (24, 14), (25, 14), (26, 14), (27, 14), (28, 14), (29, 14), (30, 14), (30, 13), (30, 12)] 
Custo: 225 
Nos Gerados: 771 
Nos Visitados: 738 
Funcao de Custo: 3 

BFS:
Inicio: (10, 14) 
Chegada: (30, 12) 
Caminho: [(10, 14), (11, 14), (12, 14), (13, 14), (14, 14), (15, 14), (16, 14), (17, 14), (18, 14), (19, 14), (20, 14), (21, 14), (22, 14), (23, 14), (24, 14), (25, 14), (26, 14), (27, 14), (28, 14), (29, 14), (30, 14), (30, 13), (30, 12)] 
Custo: 229 
Nos Gerados: 771 
Nos Visitados: 738 
Funcao de Custo: 4 

BFS:
Inicio: (25, 2) 
Chegada: (10, 1) 
Caminho: [(25, 2), (24, 2), (23, 2), (22, 2), (21, 2), (20, 2), (19, 2), (18, 2), (17, 2), (16, 2), (15, 2), (14, 2), (13, 2), (12, 2), (11, 2), (10, 2), (10, 1)] 
Custo: 160 
Nos Gerados: 267 
Nos Visitados: 242 
Funcao de Custo: 1 

BFS:
Inicio: (25, 2) 
Chegada: (10, 1) 
Caminho: [(25, 2), (24, 2), (23, 2), (22, 2), (21, 2), (20, 2), (19, 2), (18, 2), (17, 2), (16, 2), (15, 2), (14, 2), (13, 2), (12, 2), (11, 2), (10, 2), (10, 1)] 
Custo: 165 
Nos Gerados: 267 
Nos Visitados: 242 
Funcao de Custo: 2 

BFS:
Inicio: (25, 2) 
Chegada: (10, 1) 
Caminho: [(25, 2), (24, 2), (23, 2), (22, 2), (21, 2), (20, 2), (19, 2), (18, 2), (17, 2), (16, 2), (15, 2), (14, 2), (13, 2), (12, 2), (11, 2), (10, 2), (10, 1)] 
Custo: 163 
Nos Gerados: 267 
Nos Visitados: 242 
Funcao de Custo: 3 

BFS:
Inicio: (25, 2) 
Chegada: (10, 1) 
Caminho: [(25, 2), (24, 2), (23, 2), (22, 2), (21, 2), (20, 2), (19, 2), (18, 2), (17, 2), (16, 2), (15, 2), (14, 2), (13, 2), (12, 2), (11, 2), (10, 2), (10, 1)] 
Custo: 159 
Nos Gerados: 267 
Nos Visitados: 242 
Funcao de Custo: 4 

BFS:
Inicio: (5, 21) 
Chegada: (18, 25) 
Caminho: [(5, 21), (6, 21), (7, 21), (8, 21), (9, 21), (10, 21), (11, 21), (12, 21), (13, 21), (14, 21), (15, 21), (16, 21), (17, 21), (18, 21), (18, 22), (18, 23), (18, 24), (18, 25)] 
Custo: 170 
Nos Gerados: 423 
Nos Visitados: 390 
Funcao de Custo: 1 

BFS:
Inicio: (5, 21) 
Chegada: (18, 25) 
Caminho: [(5, 21), (6, 21), (7, 21), (8, 21), (9, 21), (10, 21), (11, 21), (12, 21), (13, 21), (14, 21), (15, 21), (16, 21), (17, 21), (18, 21), (18, 22), (18, 23), (18, 24), (18, 25)] 
Custo: 190 
Nos Gerados: 423 
Nos Visitados: 390 
Funcao de Custo: 2 

BFS:
Inicio: (5, 21) 
Chegada: (18, 25) 
Caminho: [(5, 21), (6, 21), (7, 21), (8, 21), (9, 21), (10, 21), (11, 21), (12, 21), (13, 21), (14, 21), (15, 21), (16, 21), (17, 21), (18, 21), (18, 22), (18, 23), (18, 24), (18, 25)] 
Custo: 180 
Nos Gerados: 423 
Nos Visitados: 390 
Funcao de Custo: 3 

BFS:
Inicio: (5, 21) 
Chegada: (18, 25) 
Caminho: [(5, 21), (6, 21), (7, 21), (8, 21), (9, 21), (10, 21), (11, 21), (12, 21), (13, 21), (14, 21), (15, 21), (16, 21), (17, 21), (18, 21), (18, 22), (18, 23), (18, 24), (18, 25)] 
Custo: 164 
Nos Gerados: 423 
Nos Visitados: 390 
Funcao de Custo: 4 

BFS:
Inicio: (21, 26) 
Chegada: (0, 14) 
Caminho: [(21, 26), (20, 26), (19, 26), (18, 26), (17, 26), (16, 26), (15, 26), (14, 26), (13, 26), (12, 26), (11, 26), (10, 26), (9, 26), (8, 26), (7, 26), (6, 26), (5, 26), (4, 26), (3, 26), (2, 26), (1, 26), (0, 26), (0, 25), (0, 24), (0, 23), (0, 22), (0, 21), (0, 20), (0, 19), (0, 18), (0, 17), (0, 16), (0, 15), (0, 14)] 
Custo: 330 
Nos Gerados: 853 
Nos Visitados: 836 
Funcao de Custo: 1 

BFS:
Inicio: (21, 26) 
Chegada: (0, 14) 
Caminho: [(21, 26), (20, 26), (19, 26), (18, 26), (17, 26), (16, 26), (15, 26), (14, 26), (13, 26), (12, 26), (11, 26), (10, 26), (9, 26), (8, 26), (7, 26), (6, 26), (5, 26), (4, 26), (3, 26), (2, 26), (1, 26), (0, 26), (0, 25), (0, 24), (0, 23), (0, 22), (0, 21), (0, 20), (0, 19), (0, 18), (0, 17), (0, 16), (0, 15), (0, 14)] 
Custo: 390 
Nos Gerados: 853 
Nos Visitados: 836 
Funcao de Custo: 2 

BFS:
Inicio: (21, 26) 
Chegada: (0, 14) 
Caminho: [(21, 26), (20, 26), (19, 26), (18, 26), (17, 26), (16, 26), (15, 26), (14, 26), (13, 26), (12, 26), (11, 26), (10, 26), (9, 26), (8, 26), (7, 26), (6, 26), (5, 26), (4, 26), (3, 26), (2, 26), (1, 26), (0, 26), (0, 25), (0, 24), (0, 23), (0, 22), (0, 21), (0, 20), (0, 19), (0, 18), (0, 17), (0, 16), (0, 15), (0, 14)] 
Custo: 360 
Nos Gerados: 853 
Nos Visitados: 836 
Funcao de Custo: 3 

BFS:
Inicio: (21, 26) 
Chegada: (0, 14) 
Caminho: [(21, 26), (20, 26), (19, 26), (18, 26), (17, 26), (16, 26), (15, 26), (14, 26), (13, 26), (12, 26), (11, 26), (10, 26), (9, 26), (8, 26), (7, 26), (6, 26), (5, 26), (4, 26), (3, 26), (2, 26), (1, 26), (0, 26), (0, 25), (0, 24), (0, 23), (0, 22), (0, 21), (0, 20), (0, 19), (0, 18), (0, 17), (0, 16), (0, 15), (0, 14)] 
Custo: 335 
Nos Gerados: 853 
Nos Visitados: 836 
Funcao de Custo: 4 

BFS:
Inicio: (8, 12) 
Chegada: (14, 2) 
Caminho: [(8, 12), (9, 12), (10, 12), (11, 12), (12, 12), (13, 12), (14, 12), (14, 11), (14, 10), (14, 9), (14, 8), (14, 7), (14, 6), (14, 5), (14, 4), (14, 3), (14, 2)] 
Custo: 160 
Nos Gerados: 498 
Nos Visitados: 456 
Funcao de Custo: 1 

BFS:
Inicio: (8, 12) 
Chegada: (14, 2) 
Caminho: [(8, 12), (9, 12), (10, 12), (11, 12), (12, 12), (13, 12), (14, 12), (14, 11), (14, 10), (14, 9), (14, 8), (14, 7), (14, 6), (14, 5), (14, 4), (14, 3), (14, 2)] 
Custo: 210 
Nos Gerados: 498 
Nos Visitados: 456 
Funcao de Custo: 2 

BFS:
Inicio: (8, 12) 
Chegada: (14, 2) 
Caminho: [(8, 12), (9, 12), (10, 12), (11, 12), (12, 12), (13, 12), (14, 12), (14, 11), (14, 10), (14, 9), (14, 8), (14, 7), (14, 6), (14, 5), (14, 4), (14, 3), (14, 2)] 
Custo: 181 
Nos Gerados: 498 
Nos Visitados: 456 
Funcao de Custo: 3 

BFS:
Inicio: (8, 12) 
Chegada: (14, 2) 
Caminho: [(8, 12), (9, 12), (10, 12), (11, 12), (12, 12), (13, 12), (14, 12), (14, 11), (14, 10), (14, 9), (14, 8), (14, 7), (14, 6), (14, 5), (14, 4), (14, 3), (14, 2)] 
Custo: 135 
Nos Gerados: 498 
Nos Visitados: 456 
Funcao de Custo: 4 

BFS:
Inicio: (23, 29) 
Chegada: (29, 6) 
Caminho: [(23, 29), (24, 29), (25, 29), (26, 29), (27, 29), (28, 29), (29, 29), (29, 28), (29, 27), (29, 26), (29, 25), (29, 24), (29, 23), (29, 22), (29, 21), (29, 20), (29, 19), (29, 18), (29, 17), (29, 16), (29, 15), (29, 14), (29, 13), (29, 12), (29, 11), (29, 10), (29, 9), (29, 8), (29, 7), (29, 6)] 
Custo: 290 
Nos Gerados: 681 
Nos Visitados: 651 
Funcao de Custo: 1 

BFS:
Inicio: (23, 29) 
Chegada: (29, 6) 
Caminho: [(23, 29), (24, 29), (25, 29), (26, 29), (27, 29), (28, 29), (29, 29), (29, 28), (29, 27), (29, 26), (29, 25), (29, 24), (29, 23), (29, 22), (29, 21), (29, 20), (29, 19), (29, 18), (29, 17), (29, 16), (29, 15), (29, 14), (29, 13), (29, 12), (29, 11), (29, 10), (29, 9), (29, 8), (29, 7), (29, 6)] 
Custo: 405 
Nos Gerados: 681 
Nos Visitados: 651 
Funcao de Custo: 2 

BFS:
Inicio: (23, 29) 
Chegada: (29, 6) 
Caminho: [(23, 29), (24, 29), (25, 29), (26, 29), (27, 29), (28, 29), (29, 29), (29, 28), (29, 27), (29, 26), (29, 25), (29, 24), (29, 23), (29, 22), (29, 21), (29, 20), (29, 19), (29, 18), (29, 17), (29, 16), (29, 15), (29, 14), (29, 13), (29, 12), (29, 11), (29, 10), (29, 9), (29, 8), (29, 7), (29, 6)] 
Custo: 345 
Nos Gerados: 681 
Nos Visitados: 651 
Funcao de Custo: 3 

BFS:
Inicio: (23, 29) 
Chegada: (29, 6) 
Caminho: [(23, 29), (24, 29), (25, 29), (26, 29), (27, 29), (28, 29), (29, 29), (29, 28), (29, 27), (29, 26), (29, 25), (29, 24), (29, 23), (29, 22), (29, 21), (29, 20), (29, 19), (29, 18), (29, 17), (29, 16), (29, 15), (29, 14), (29, 13), (29, 12), (29, 11), (29, 10), (29, 9), (29, 8), (29, 7), (29, 6)] 
Custo: 266 
Nos Gerados: 681 
Nos Visitados: 651 
Funcao de Custo: 4 

BFS:
Inicio: (27, 24) 
Chegada: (15, 7) 
Caminho: [(27, 24), (26, 24), (25, 24), (24, 24), (23, 24), (22, 24), (21, 24), (20, 24), (19, 24), (18, 24), (17, 24), (16, 24), (15, 24), (15, 23), (15, 22), (15, 21), (15, 20), (15, 19), (15, 18), (15, 17), (15, 16), (15, 15), (15, 14), (15, 13), (15, 12), (15, 11), (15, 10), (15, 9), (15, 8), (15, 7)] 
Custo: 290 
Nos Gerados: 717 
Nos Visitados: 691 
Funcao de Custo: 1 

BFS:
Inicio: (27, 24) 
Chegada: (15, 7) 
Caminho: [(27, 24), (26, 24), (25, 24), (24, 24), (23, 24), (22, 24), (21, 24), (20, 24), (19, 24), (18, 24), (17, 24), (16, 24), (15, 24), (15, 23), (15, 22), (15, 21), (15, 20), (15, 19), (15, 18), (15, 17), (15, 16), (15, 15), (15, 14), (15, 13), (15, 12), (15, 11), (15, 10), (15, 9), (15, 8), (15, 7)] 
Custo: 375 
Nos Gerados: 717 
Nos Visitados: 691 
Funcao de Custo: 2 

BFS:
Inicio: (27, 24) 
Chegada: (15, 7) 
Caminho: [(27, 24), (26, 24), (25, 24), (24, 24), (23, 24), (22, 24), (21, 24), (20, 24), (19, 24), (18, 24), (17, 24), (16, 24), (15, 24), (15, 23), (15, 22), (15, 21), (15, 20), (15, 19), (15, 18), (15, 17), (15, 16), (15, 15), (15, 14), (15, 13), (15, 12), (15, 11), (15, 10), (15, 9), (15, 8), (15, 7)] 
Custo: 330 
Nos Gerados: 717 
Nos Visitados: 691 
Funcao de Custo: 3 

BFS:
Inicio: (27, 24) 
Chegada: (15, 7) 
Caminho: [(27, 24), (26, 24), (25, 24), (24, 24), (23, 24), (22, 24), (21, 24), (20, 24), (19, 24), (18, 24), (17, 24), (16, 24), (15, 24), (15, 23), (15, 22), (15, 21), (15, 20), (15, 19), (15, 18), (15, 17), (15, 16), (15, 15), (15, 14), (15, 13), (15, 12), (15, 11), (15, 10), (15, 9), (15, 8), (15, 7)] 
Custo: 281 
Nos Gerados: 717 
Nos Visitados: 691 
Funcao de Custo: 4 

BFS:
Inicio: (2, 28) 
Chegada: (18, 23) 
Caminho: [(2, 28), (3, 28), (4, 28), (5, 28), (6, 28), (7, 28), (8, 28), (9, 28), (10, 28), (11, 28), (12, 28), (13, 28), (14, 28), (15, 28), (16, 28), (17, 28), (18, 28), (18, 27), (18, 26), (18, 25), (18, 24), (18, 23)] 
Custo: 210 
Nos Gerados: 349 
Nos Visitados: 323 
Funcao de Custo: 1 

BFS:
Inicio: (2, 28) 
Chegada: (18, 23) 
Caminho: [(2, 28), (3, 28), (4, 28), (5, 28), (6, 28), (7, 28), (8, 28), (9, 28), (10, 28), (11, 28), (12, 28), (13, 28), (14, 28), (15, 28), (16, 28), (17, 28), (18, 28), (18, 27), (18, 26), (18, 25), (18, 24), (18, 23)] 
Custo: 235 
Nos Gerados: 349 
Nos Visitados: 323 
Funcao de Custo: 2 

BFS:
Inicio: (2, 28) 
Chegada: (18, 23) 
Caminho: [(2, 28), (3, 28), (4, 28), (5, 28), (6, 28), (7, 28), (8, 28), (9, 28), (10, 28), (11, 28), (12, 28), (13, 28), (14, 28), (15, 28), (16, 28), (17, 28), (18, 28), (18, 27), (18, 26), (18, 25), (18, 24), (18, 23)] 
Custo: 222 
Nos Gerados: 349 
Nos Visitados: 323 
Funcao de Custo: 3 

BFS:
Inicio: (2, 28) 
Chegada: (18, 23) 
Caminho: [(2, 28), (3, 28), (4, 28), (5, 28), (6, 28), (7, 28), (8, 28), (9, 28), (10, 28), (11, 28), (12, 28), (13, 28), (14, 28), (15, 28), (16, 28), (17, 28), (18, 28), (18, 27), (18, 26), (18, 25), (18, 24), (18, 23)] 
Custo: 220 
Nos Gerados: 349 
Nos Visitados: 323 
Funcao de Custo: 4 

BFS:
Inicio: (28, 21) 
Chegada: (8, 22) 
Caminho: [(28, 21), (27, 21), (26, 21), (25, 21), (24, 21), (23, 21), (22, 21), (21, 21), (20, 21), (19, 21), (18, 21), (17, 21), (16, 21), (15, 21), (14, 21), (13, 21), (12, 21), (11, 21), (10, 21), (9, 21), (8, 21), (8, 22)] 
Custo: 210 
Nos Gerados: 469 
Nos Visitados: 435 
Funcao de Custo: 1 

BFS:
Inicio: (28, 21) 
Chegada: (8, 22) 
Caminho: [(28, 21), (27, 21), (26, 21), (25, 21), (24, 21), (23, 21), (22, 21), (21, 21), (20, 21), (19, 21), (18, 21), (17, 21), (16, 21), (15, 21), (14, 21), (13, 21), (12, 21), (11, 21), (10, 21), (9, 21), (8, 21), (8, 22)] 
Custo: 215 
Nos Gerados: 469 
Nos Visitados: 435 
Funcao de Custo: 2 

BFS:
Inicio: (28, 21) 
Chegada: (8, 22) 
Caminho: [(28, 21), (27, 21), (26, 21), (25, 21), (24, 21), (23, 21), (22, 21), (21, 21), (20, 21), (19, 21), (18, 21), (17, 21), (16, 21), (15, 21), (14, 21), (13, 21), (12, 21), (11, 21), (10, 21), (9, 21), (8, 21), (8, 22)] 
Custo: 212 
Nos Gerados: 469 
Nos Visitados: 435 
Funcao de Custo: 3 

BFS:
Inicio: (28, 21) 
Chegada: (8, 22) 
Caminho: [(28, 21), (27, 21), (26, 21), (25, 21), (24, 21), (23, 21), (22, 21), (21, 21), (20, 21), (19, 21), (18, 21), (17, 21), (16, 21), (15, 21), (14, 21), (13, 21), (12, 21), (11, 21), (10, 21), (9, 21), (8, 21), (8, 22)] 
Custo: 214 
Nos Gerados: 469 
Nos Visitados: 435 
Funcao de Custo: 4 

BFS:
Inicio: (23, 4) 
Chegada: (4, 3) 
Caminho: [(23, 4), (22, 4), (21, 4), (20, 4), (19, 4), (18, 4), (17, 4), (16, 4), (15, 4), (14, 4), (13, 4), (12, 4), (11, 4), (10, 4), (9, 4), (8, 4), (7, 4), (6, 4), (5, 4), (4, 4), (4, 3)] 
Custo: 200 
Nos Gerados: 455 
Nos Visitados: 422 
Funcao de Custo: 1 

BFS:
Inicio: (23, 4) 
Chegada: (4, 3) 
Caminho: [(23, 4), (22, 4), (21, 4), (20, 4), (19, 4), (18, 4), (17, 4), (16, 4), (15, 4), (14, 4), (13, 4), (12, 4), (11, 4), (10, 4), (9, 4), (8, 4), (7, 4), (6, 4), (5, 4), (4, 4), (4, 3)] 
Custo: 205 
Nos Gerados: 455 
Nos Visitados: 422 
Funcao de Custo: 2 

BFS:
Inicio: (23, 4) 
Chegada: (4, 3) 
Caminho: [(23, 4), (22, 4), (21, 4), (20, 4), (19, 4), (18, 4), (17, 4), (16, 4), (15, 4), (14, 4), (13, 4), (12, 4), (11, 4), (10, 4), (9, 4), (8, 4), (7, 4), (6, 4), (5, 4), (4, 4), (4, 3)] 
Custo: 201 
Nos Gerados: 455 
Nos Visitados: 422 
Funcao de Custo: 3 

BFS:
Inicio: (23, 4) 
Chegada: (4, 3) 
Caminho: [(23, 4), (22, 4), (21, 4), (20, 4), (19, 4), (18, 4), (17, 4), (16, 4), (15, 4), (14, 4), (13, 4), (12, 4), (11, 4), (10, 4), (9, 4), (8, 4), (7, 4), (6, 4), (5, 4), (4, 4), (4, 3)] 
Custo: 203 
Nos Gerados: 455 
Nos Visitados: 422 
Funcao de Custo: 4 

BFS:
Inicio: (26, 18) 
Chegada: (0, 3) 
Caminho: [(26, 18), (25, 18), (24, 18), (23, 18), (22, 18), (21, 18), (20, 18), (19, 18), (18, 18), (17, 18), (16, 18), (15, 18), (14, 18), (13, 18), (12, 18), (11, 18), (10, 18), (9, 18), (8, 18), (7, 18), (6, 18), (5, 18), (4, 18), (3, 18), (2, 18), (1, 18), (0, 18), (0, 17), (0, 16), (0, 15), (0, 14), (0, 13), (0, 12), (0, 11), (0, 10), (0, 9), (0, 8), (0, 7), (0, 6), (0, 5), (0, 4), (0, 3)] 
Custo: 410 
Nos Gerados: 955 
Nos Visitados: 952 
Funcao de Custo: 1 

BFS:
Inicio: (26, 18) 
Chegada: (0, 3) 
Caminho: [(26, 18), (25, 18), (24, 18), (23, 18), (22, 18), (21, 18), (20, 18), (19, 18), (18, 18), (17, 18), (16, 18), (15, 18), (14, 18), (13, 18), (12, 18), (11, 18), (10, 18), (9, 18), (8, 18), (7, 18), (6, 18), (5, 18), (4, 18), (3, 18), (2, 18), (1, 18), (0, 18), (0, 17), (0, 16), (0, 15), (0, 14), (0, 13), (0, 12), (0, 11), (0, 10), (0, 9), (0, 8), (0, 7), (0, 6), (0, 5), (0, 4), (0, 3)] 
Custo: 485 
Nos Gerados: 955 
Nos Visitados: 952 
Funcao de Custo: 2 

BFS:
Inicio: (26, 18) 
Chegada: (0, 3) 
Caminho: [(26, 18), (25, 18), (24, 18), (23, 18), (22, 18), (21, 18), (20, 18), (19, 18), (18, 18), (17, 18), (16, 18), (15, 18), (14, 18), (13, 18), (12, 18), (11, 18), (10, 18), (9, 18), (8, 18), (7, 18), (6, 18), (5, 18), (4, 18), (3, 18), (2, 18), (1, 18), (0, 18), (0, 17), (0, 16), (0, 15), (0, 14), (0, 13), (0, 12), (0, 11), (0, 10), (0, 9), (0, 8), (0, 7), (0, 6), (0, 5), (0, 4), (0, 3)] 
Custo: 449 
Nos Gerados: 955 
Nos Visitados: 952 
Funcao de Custo: 3 

BFS:
Inicio: (26, 18) 
Chegada: (0, 3) 
Caminho: [(26, 18), (25, 18), (24, 18), (23, 18), (22, 18), (21, 18), (20, 18), (19, 18), (18, 18), (17, 18), (16, 18), (15, 18), (14, 18), (13, 18), (12, 18), (11, 18), (10, 18), (9, 18), (8, 18), (7, 18), (6, 18), (5, 18), (4, 18), (3, 18), (2, 18), (1, 18), (0, 18), (0, 17), (0, 16), (0, 15), (0, 14), (0, 13), (0, 12), (0, 11), (0, 10), (0, 9), (0, 8), (0, 7), (0, 6), (0, 5), (0, 4), (0, 3)] 
Custo: 412 
Nos Gerados: 955 
Nos Visitados: 952 
Funcao de Custo: 4 