A*:
Inicio: (18, 11) 
Chegada: (1, 11) 
Caminho: [(18, 11), (17, 11), (16, 11), (15, 11), (14, 11), (13, 11), (12, 11), (11, 11), (10, 11), (9, 11), (8, 11), (7, 11), (6, 11), (5, 11), (4, 11), (3, 11), (2, 11), (1, 11)] 
Custo: 170 
Nos Gerados: 53 
Nos Visitados: 18 
Funcao de Custo: 1 
 Heuristica: Manhattan

A*:
Inicio: (18, 11) 
Chegada: (1, 11) 
Caminho: [(18, 11), (17, 11), (16, 11), (15, 11), (14, 11), (13, 11), (12, 11), (11, 11), (10, 11), (9, 11), (8, 11), (7, 11), (6, 11), (5, 11), (4, 11), (3, 11), (2, 11), (1, 11)] 
Custo: 170 
Nos Gerados: 53 
Nos Visitados: 18 
Funcao de Custo: 2 
 Heuristica: Manhattan

A*:
Inicio: (18, 11) 
Chegada: (1, 11) 
Caminho: [(18, 11), (17, 11), (16, 11), (15, 11), (14, 11), (13, 11), (12, 11), (11, 11), (10, 11), (9, 11), (8, 11), (7, 11), (6, 11), (5, 11), (4, 11), (3, 11), (2, 11), (1, 11)] 
Custo: 170 
Nos Gerados: 53 
Nos Visitados: 18 
Funcao de Custo: 3 
 Heuristica: Manhattan

A*:
Inicio: (18, 11) 
Chegada: (1, 11) 
Caminho: [(18, 11), (17, 11), (16, 11), (15, 11), (14, 11), (13, 11), (12, 11), (11, 11), (10, 11), (9, 11), (8, 11), (7, 11), (6, 11), (5, 11), (4, 11), (3, 11), (2, 11), (1, 11)] 
Custo: 170 
Nos Gerados: 53 
Nos Visitados: 18 
Funcao de Custo: 4 
 Heuristica: Manhattan

A*:
Inicio: (9, 20) 
Chegada: (15, 8) 
Caminho: [(9, 20), (10, 20), (10, 19), (11, 19), (11, 18), (12, 18), (12, 17), (13, 17), (14, 17), (15, 17), (15, 16), (15, 15), (15, 14), (15, 13), (15, 12), (15, 11), (15, 10), (15, 9), (15, 8)] 
Custo: 180 
Nos Gerados: 49 
Nos Visitados: 19 
Funcao de Custo: 1 
 Heuristica: Manhattan

A*:
Inicio: (9, 20) 
Chegada: (15, 8) 
Caminho: [(9, 20), (10, 20), (11, 20), (12, 20), (13, 20), (14, 20), (15, 20), (15, 19), (15, 18), (15, 17), (15, 16), (15, 15), (15, 14), (15, 13), (15, 12), (15, 11), (15, 10), (15, 9), (15, 8)] 
Custo: 240 
Nos Gerados: 172 
Nos Visitados: 131 
Funcao de Custo: 2 
 Heuristica: Manhattan

A*:
Inicio: (9, 20) 
Chegada: (15, 8) 
Caminho: [(9, 20), (9, 19), (10, 19), (11, 19), (12, 19), (13, 19), (14, 19), (14, 18), (15, 18), (15, 17), (15, 16), (15, 15), (15, 14), (15, 13), (15, 12), (15, 11), (15, 10), (15, 9), (15, 8)] 
Custo: 209 
Nos Gerados: 137 
Nos Visitados: 94 
Funcao de Custo: 3 
 Heuristica: Manhattan

A*:
Inicio: (9, 20) 
Chegada: (15, 8) 
Caminho: [(9, 20), (9, 19), (10, 19), (11, 19), (12, 19), (13, 19), (14, 19), (15, 19), (15, 18), (15, 17), (15, 16), (15, 15), (15, 14), (15, 13), (15, 12), (15, 11), (15, 10), (15, 9), (15, 8)] 
Custo: 151 
Nos Gerados: 54 
Nos Visitados: 19 
Funcao de Custo: 4 
 Heuristica: Manhattan

A*:
Inicio: (3, 16) 
Chegada: (26, 5) 
Caminho: [(3, 16), (4, 16), (4, 15), (4, 14), (4, 13), (5, 13), (6, 13), (6, 12), (7, 12), (7, 11), (7, 10), (7, 9), (8, 9), (8, 8), (8, 7), (8, 6), (8, 5), (9, 5), (10, 5), (11, 5), (12, 5), (13, 5), (14, 5), (15, 5), (16, 5), (17, 5), (18, 5), (19, 5), (20, 5), (21, 5), (22, 5), (23, 5), (24, 5), (25, 5), (26, 5)] 
Custo: 340 
Nos Gerados: 96 
Nos Visitados: 35 
Funcao de Custo: 1 
 Heuristica: Manhattan

A*:
Inicio: (3, 16) 
Chegada: (26, 5) 
Caminho: [(3, 16), (4, 16), (5, 16), (6, 16), (7, 16), (8, 16), (9, 16), (10, 16), (11, 16), (12, 16), (13, 16), (14, 16), (15, 16), (16, 16), (17, 16), (18, 16), (19, 16), (20, 16), (21, 16), (22, 16), (23, 16), (24, 16), (25, 16), (26, 16), (26, 15), (26, 14), (26, 13), (26, 12), (26, 11), (26, 10), (26, 9), (26, 8), (26, 7), (26, 6), (26, 5)] 
Custo: 395 
Nos Gerados: 415 
Nos Visitados: 342 
Funcao de Custo: 2 
 Heuristica: Manhattan

A*:
Inicio: (3, 16) 
Chegada: (26, 5) 
Caminho: [(3, 16), (3, 15), (4, 15), (5, 15), (6, 15), (7, 15), (8, 15), (8, 14), (9, 14), (10, 14), (11, 14), (12, 14), (13, 14), (13, 13), (13, 12), (14, 12), (15, 12), (16, 12), (17, 12), (17, 11), (17, 10), (18, 10), (19, 10), (20, 10), (21, 10), (21, 9), (21, 8), (21, 7), (21, 6), (21, 5), (22, 5), (23, 5), (24, 5), (25, 5), (26, 5)] 
Custo: 352 
Nos Gerados: 220 
Nos Visitados: 136 
Funcao de Custo: 3 
 Heuristica: Manhattan

A*:
Inicio: (3, 16) 
Chegada: (26, 5) 
Caminho: [(3, 16), (3, 15), (4, 15), (5, 15), (6, 15), (7, 15), (8, 15), (8, 14), (8, 13), (8, 12), (8, 11), (8, 10), (8, 9), (8, 8), (8, 7), (8, 6), (8, 5), (9, 5), (10, 5), (11, 5), (12, 5), (13, 5), (14, 5), (15, 5), (16, 5), (17, 5), (18, 5), (19, 5), (20, 5), (21, 5), (22, 5), (23, 5), (24, 5), (25, 5), (26, 5)] 
Custo: 310 
Nos Gerados: 101 
Nos Visitados: 35 
Funcao de Custo: 4 
 Heuristica: Manhattan

A*:
Inicio: (26, 2) 
Chegada: (0, 12) 
Caminho: [(26, 2), (26, 3), (25, 3), (25, 4), (24, 4), (23, 4), (22, 4), (22, 5), (22, 6), (21, 6), (20, 6), (20, 7), (20, 8), (20, 9), (19, 9), (18, 9), (18, 10), (17, 10), (17, 11), (17, 12), (16, 12), (15, 12), (14, 12), (13, 12), (12, 12), (11, 12), (10, 12), (9, 12), (8, 12), (7, 12), (6, 12), (5, 12), (4, 12), (3, 12), (2, 12), (1, 12), (0, 12)] 
Custo: 360 
Nos Gerados: 99 
Nos Visitados: 37 
Funcao de Custo: 1 
 Heuristica: Manhattan

A*:
Inicio: (26, 2) 
Chegada: (0, 12) 
Caminho: [(26, 2), (25, 2), (24, 2), (23, 2), (22, 2), (21, 2), (20, 2), (19, 2), (18, 2), (17, 2), (16, 2), (15, 2), (14, 2), (13, 2), (12, 2), (11, 2), (10, 2), (9, 2), (8, 2), (7, 2), (6, 2), (5, 2), (4, 2), (3, 2), (2, 2), (1, 2), (0, 2), (0, 3), (0, 4), (0, 5), (0, 6), (0, 7), (0, 8), (0, 9), (0, 10), (0, 11), (0, 12)] 
Custo: 410 
Nos Gerados: 376 
Nos Visitados: 311 
Funcao de Custo: 2 
 Heuristica: Manhattan

A*:
Inicio: (26, 2) 
Chegada: (0, 12) 
Caminho: [(26, 2), (25, 2), (24, 2), (23, 2), (22, 2), (21, 2), (20, 2), (20, 3), (19, 3), (18, 3), (17, 3), (16, 3), (15, 3), (15, 4), (14, 4), (13, 4), (12, 4), (11, 4), (10, 4), (10, 5), (9, 5), (8, 5), (7, 5), (6, 5), (5, 5), (5, 6), (5, 7), (4, 7), (3, 7), (2, 7), (1, 7), (1, 8), (0, 8), (0, 9), (0, 10), (0, 11), (0, 12)] 
Custo: 375 
Nos Gerados: 259 
Nos Visitados: 166 
Funcao de Custo: 3 
 Heuristica: Manhattan

A*:
Inicio: (26, 2) 
Chegada: (0, 12) 
Caminho: [(26, 2), (26, 3), (25, 3), (24, 3), (23, 3), (22, 3), (21, 3), (21, 4), (21, 5), (21, 6), (21, 7), (21, 8), (21, 9), (21, 10), (21, 11), (21, 12), (20, 12), (19, 12), (18, 12), (17, 12), (16, 12), (15, 12), (14, 12), (13, 12), (12, 12), (11, 12), (10, 12), (9, 12), (8, 12), (7, 12), (6, 12), (5, 12), (4, 12), (3, 12), (2, 12), (1, 12), (0, 12)] 
Custo: 331 
Nos Gerados: 107 
Nos Visitados: 37 
Funcao de Custo: 4 
 Heuristica: Manhattan

A*:
Inicio: (28, 27) 
Chegada: (27, 24) 
Caminho: [(28, 27), (27, 27), (27, 26), (27, 25), (27, 24)] 
Custo: 40 
Nos Gerados: 13 
Nos Visitados: 5 
Funcao de Custo: 1 
 Heuristica: Manhattan

A*:
Inicio: (28, 27) 
Chegada: (27, 24) 
Caminho: [(28, 27), (27, 27), (27, 26), (27, 25), (27, 24)] 
Custo: 55 
Nos Gerados: 16 
Nos Visitados: 7 
Funcao de Custo: 2 
 Heuristica: Manhattan

A*:
Inicio: (28, 27) 
Chegada: (27, 24) 
Caminho: [(28, 27), (28, 26), (27, 26), (27, 25), (27, 24)] 
Custo: 47 
Nos Gerados: 16 
Nos Visitados: 7 
Funcao de Custo: 3 
 Heuristica: Manhattan

A*:
Inicio: (28, 27) 
Chegada: (27, 24) 
Caminho: [(28, 27), (28, 26), (27, 26), (27, 25), (27, 24)] 
Custo: 42 
Nos Gerados: 16 
Nos Visitados: 7 
Funcao de Custo: 4 
 Heuristica: Manhattan

A*:
Inicio: (27, 6) 
Chegada: (29, 11) 
Caminho: [(27, 6), (28, 6), (29, 6), (29, 7), (29, 8), (29, 9), (29, 10), (29, 11)] 
Custo: 70 
Nos Gerados: 22 
Nos Visitados: 8 
Funcao de Custo: 1 
 Heuristica: Manhattan

A*:
Inicio: (27, 6) 
Chegada: (29, 11) 
Caminho: [(27, 6), (28, 6), (29, 6), (29, 7), (29, 8), (29, 9), (29, 10), (29, 11)] 
Custo: 95 
Nos Gerados: 34 
Nos Visitados: 18 
Funcao de Custo: 2 
 Heuristica: Manhattan

A*:
Inicio: (27, 6) 
Chegada: (29, 11) 
Caminho: [(27, 6), (27, 7), (28, 7), (29, 7), (29, 8), (29, 9), (29, 10), (29, 11)] 
Custo: 76 
Nos Gerados: 24 
Nos Visitados: 11 
Funcao de Custo: 3 
 Heuristica: Manhattan

A*:
Inicio: (27, 6) 
Chegada: (29, 11) 
Caminho: [(27, 6), (27, 7), (28, 7), (29, 7), (29, 8), (29, 9), (29, 10), (29, 11)] 
Custo: 71 
Nos Gerados: 24 
Nos Visitados: 11 
Funcao de Custo: 4 
 Heuristica: Manhattan

A*:
Inicio: (24, 27) 
Chegada: (11, 19) 
Caminho: [(24, 27), (24, 26), (23, 26), (23, 25), (22, 25), (21, 25), (20, 25), (20, 24), (20, 23), (20, 22), (20, 21), (20, 20), (19, 20), (19, 19), (18, 19), (17, 19), (16, 19), (15, 19), (14, 19), (13, 19), (12, 19), (11, 19)] 
Custo: 210 
Nos Gerados: 58 
Nos Visitados: 22 
Funcao de Custo: 1 
 Heuristica: Manhattan

A*:
Inicio: (24, 27) 
Chegada: (11, 19) 
Caminho: [(24, 27), (23, 27), (22, 27), (21, 27), (20, 27), (19, 27), (18, 27), (17, 27), (16, 27), (15, 27), (14, 27), (13, 27), (12, 27), (11, 27), (11, 26), (11, 25), (11, 24), (11, 23), (11, 22), (11, 21), (11, 20), (11, 19)] 
Custo: 250 
Nos Gerados: 199 
Nos Visitados: 151 
Funcao de Custo: 2 
 Heuristica: Manhattan

A*:
Inicio: (24, 27) 
Chegada: (11, 19) 
Caminho: [(24, 27), (23, 27), (22, 27), (21, 27), (20, 27), (19, 27), (18, 27), (18, 26), (17, 26), (16, 26), (15, 26), (14, 26), (13, 26), (13, 25), (12, 25), (11, 25), (11, 24), (11, 23), (11, 22), (11, 21), (11, 20), (11, 19)] 
Custo: 225 
Nos Gerados: 138 
Nos Visitados: 84 
Funcao de Custo: 3 
 Heuristica: Manhattan

A*:
Inicio: (24, 27) 
Chegada: (11, 19) 
Caminho: [(24, 27), (24, 26), (23, 26), (22, 26), (21, 26), (20, 26), (19, 26), (18, 26), (18, 25), (18, 24), (18, 23), (18, 22), (18, 21), (18, 20), (18, 19), (17, 19), (16, 19), (15, 19), (14, 19), (13, 19), (12, 19), (11, 19)] 
Custo: 183 
Nos Gerados: 62 
Nos Visitados: 22 
Funcao de Custo: 4 
 Heuristica: Manhattan

A*:
Inicio: (7, 5) 
Chegada: (20, 29) 
Caminho: [(7, 5), (7, 6), (7, 7), (8, 7), (9, 7), (9, 8), (9, 9), (9, 10), (9, 11), (9, 12), (9, 13), (9, 14), (10, 14), (10, 15), (10, 16), (11, 16), (12, 16), (12, 17), (13, 17), (14, 17), (15, 17), (15, 18), (15, 19), (15, 20), (16, 20), (16, 21), (16, 22), (16, 23), (16, 24), (17, 24), (17, 25), (17, 26), (18, 26), (18, 27), (19, 27), (20, 27), (20, 28), (20, 29)] 
Custo: 370 
Nos Gerados: 97 
Nos Visitados: 38 
Funcao de Custo: 1 
 Heuristica: Manhattan

A*:
Inicio: (7, 5) 
Chegada: (20, 29) 
Caminho: [(7, 5), (8, 5), (9, 5), (10, 5), (11, 5), (12, 5), (13, 5), (14, 5), (15, 5), (16, 5), (17, 5), (18, 5), (19, 5), (20, 5), (20, 6), (20, 7), (20, 8), (20, 9), (20, 10), (20, 11), (20, 12), (20, 13), (20, 14), (20, 15), (20, 16), (20, 17), (20, 18), (20, 19), (20, 20), (20, 21), (20, 22), (20, 23), (20, 24), (20, 25), (20, 26), (20, 27), (20, 28), (20, 29)] 
Custo: 490 
Nos Gerados: 627 
Nos Visitados: 542 
Funcao de Custo: 2 
 Heuristica: Manhattan

A*:
Inicio: (7, 5) 
Chegada: (20, 29) 
Caminho: [(7, 5), (7, 6), (8, 6), (9, 6), (10, 6), (11, 6), (12, 6), (12, 7), (13, 7), (14, 7), (15, 7), (16, 7), (17, 7), (17, 8), (18, 8), (19, 8), (20, 8), (20, 9), (20, 10), (20, 11), (20, 12), (20, 13), (20, 14), (20, 15), (20, 16), (20, 17), (20, 18), (20, 19), (20, 20), (20, 21), (20, 22), (20, 23), (20, 24), (20, 25), (20, 26), (20, 27), (20, 28), (20, 29)] 
Custo: 424 
Nos Gerados: 471 
Nos Visitados: 374 
Funcao de Custo: 3 
 Heuristica: Manhattan

A*:
Inicio: (7, 5) 
Chegada: (20, 29) 
Caminho: [(7, 5), (7, 6), (8, 6), (9, 6), (10, 6), (11, 6), (12, 6), (12, 7), (12, 8), (12, 9), (12, 10), (12, 11), (12, 12), (12, 13), (12, 14), (12, 15), (12, 16), (13, 16), (14, 16), (15, 16), (16, 16), (17, 16), (18, 16), (18, 17), (18, 18), (18, 19), (18, 20), (18, 21), (18, 22), (18, 23), (19, 23), (20, 23), (20, 24), (20, 25), (20, 26), (20, 27), (20, 28), (20, 29)] 
Custo: 321 
Nos Gerados: 118 
Nos Visitados: 50 
Funcao de Custo: 4 
 Heuristica: Manhattan

A*:
Inicio: (12, 6) 
Chegada: (12, 18) 
Caminho: [(12, 6), (12, 7), (12, 8), (12, 9), (12, 10), (12, 11), (12, 12), (12, 13), (12, 14), (12, 15), (12, 16), (12, 17), (12, 18)] 
Custo: 120 
Nos Gerados: 38 
Nos Visitados: 13 
Funcao de Custo: 1 
 Heuristica: Manhattan

A*:
Inicio: (12, 6) 
Chegada: (12, 18) 
Caminho: [(12, 6), (12, 7), (12, 8), (12, 9), (12, 10), (12, 11), (12, 12), (12, 13), (12, 14), (12, 15), (12, 16), (12, 17), (12, 18)] 
Custo: 180 
Nos Gerados: 70 
Nos Visitados: 41 
Funcao de Custo: 2 
 Heuristica: Manhattan

A*:
Inicio: (12, 6) 
Chegada: (12, 18) 
Caminho: [(12, 6), (12, 7), (12, 8), (12, 9), (12, 10), (12, 11), (12, 12), (12, 13), (12, 14), (12, 15), (12, 16), (12, 17), (12, 18)] 
Custo: 150 
Nos Gerados: 49 
Nos Visitados: 22 
Funcao de Custo: 3 
 Heuristica: Manhattan

A*:
Inicio: (12, 6) 
Chegada: (12, 18) 
Caminho: [(12, 6), (12, 7), (12, 8), (12, 9), (12, 10), (12, 11), (12, 12), (12, 13), (12, 14), (12, 15), (12, 16), (12, 17), (12, 18)] 
Custo: 115 
Nos Gerados: 38 
Nos Visitados: 13 
Funcao de Custo: 4 
 Heuristica: Manhattan

A*:
Inicio: (22, 20) 
Chegada: (2, 22) 
Caminho: [(22, 20), (22, 21), (21, 21), (20, 21), (19, 21), (19, 22), (18, 22), (17, 22), (16, 22), (15, 22), (14, 22), (13, 22), (12, 22), (11, 22), (10, 22), (9, 22), (8, 22), (7, 22), (6, 22), (5, 22), (4, 22), (3, 22), (2, 22)] 
Custo: 220 
Nos Gerados: 65 
Nos Visitados: 23 
Funcao de Custo: 1 
 Heuristica: Manhattan

A*:
Inicio: (22, 20) 
Chegada: (2, 22) 
Caminho: [(22, 20), (21, 20), (20, 20), (19, 20), (18, 20), (17, 20), (16, 20), (15, 20), (14, 20), (13, 20), (12, 20), (11, 20), (10, 20), (9, 20), (8, 20), (7, 20), (6, 20), (5, 20), (4, 20), (3, 20), (2, 20), (2, 21), (2, 22)] 
Custo: 230 
Nos Gerados: 95 
Nos Visitados: 50 
Funcao de Custo: 2 
 Heuristica: Manhattan

A*:
Inicio: (22, 20) 
Chegada: (2, 22) 
Caminho: [(22, 20), (22, 21), (21, 21), (20, 21), (19, 21), (18, 21), (17, 21), (16, 21), (15, 21), (14, 21), (13, 21), (12, 21), (11, 21), (10, 21), (9, 21), (8, 21), (7, 21), (6, 21), (5, 21), (5, 22), (4, 22), (3, 22), (2, 22)] 
Custo: 220 
Nos Gerados: 65 
Nos Visitados: 23 
Funcao de Custo: 3 
 Heuristica: Manhattan

A*:
Inicio: (22, 20) 
Chegada: (2, 22) 
Caminho: [(22, 20), (22, 21), (21, 21), (20, 21), (19, 21), (18, 21), (17, 21), (17, 22), (16, 22), (15, 22), (14, 22), (13, 22), (12, 22), (11, 22), (10, 22), (9, 22), (8, 22), (7, 22), (6, 22), (5, 22), (4, 22), (3, 22), (2, 22)] 
Custo: 215 
Nos Gerados: 65 
Nos Visitados: 23 
Funcao de Custo: 4 
 Heuristica: Manhattan

A*:
Inicio: (11, 3) 
Chegada: (0, 25) 
Caminho: [(11, 3), (10, 3), (9, 3), (9, 4), (8, 4), (7, 4), (7, 5), (7, 6), (7, 7), (6, 7), (6, 8), (6, 9), (6, 10), (5, 10), (4, 10), (4, 11), (3, 11), (3, 12), (2, 12), (2, 13), (1, 13), (0, 13), (0, 14), (0, 15), (0, 16), (0, 17), (0, 18), (0, 19), (0, 20), (0, 21), (0, 22), (0, 23), (0, 24), (0, 25)] 
Custo: 330 
Nos Gerados: 76 
Nos Visitados: 34 
Funcao de Custo: 1 
 Heuristica: Manhattan

A*:
Inicio: (11, 3) 
Chegada: (0, 25) 
Caminho: [(11, 3), (10, 3), (9, 3), (8, 3), (7, 3), (6, 3), (5, 3), (4, 3), (3, 3), (2, 3), (1, 3), (0, 3), (0, 4), (0, 5), (0, 6), (0, 7), (0, 8), (0, 9), (0, 10), (0, 11), (0, 12), (0, 13), (0, 14), (0, 15), (0, 16), (0, 17), (0, 18), (0, 19), (0, 20), (0, 21), (0, 22), (0, 23), (0, 24), (0, 25)] 
Custo: 440 
Nos Gerados: 401 
Nos Visitados: 364 
Funcao de Custo: 2 
 Heuristica: Manhattan

A*:
Inicio: (11, 3) 
Chegada: (0, 25) 
Caminho: [(11, 3), (10, 3), (9, 3), (8, 3), (7, 3), (6, 3), (5, 3), (5, 4), (4, 4), (3, 4), (2, 4), (1, 4), (0, 4), (0, 5), (0, 6), (0, 7), (0, 8), (0, 9), (0, 10), (0, 11), (0, 12), (0, 13), (0, 14), (0, 15), (0, 16), (0, 17), (0, 18), (0, 19), (0, 20), (0, 21), (0, 22), (0, 23), (0, 24), (0, 25)] 
Custo: 378 
Nos Gerados: 325 
Nos Visitados: 263 
Funcao de Custo: 3 
 Heuristica: Manhattan

A*:
Inicio: (11, 3) 
Chegada: (0, 25) 
Caminho: [(11, 3), (11, 4), (10, 4), (9, 4), (8, 4), (7, 4), (6, 4), (6, 5), (6, 6), (6, 7), (6, 8), (6, 9), (6, 10), (6, 11), (6, 12), (6, 13), (6, 14), (6, 15), (5, 15), (4, 15), (3, 15), (2, 15), (1, 15), (1, 16), (1, 17), (1, 18), (1, 19), (1, 20), (1, 21), (0, 21), (0, 22), (0, 23), (0, 24), (0, 25)] 
Custo: 299 
Nos Gerados: 97 
Nos Visitados: 43 
Funcao de Custo: 4 
 Heuristica: Manhattan

A*:
Inicio: (2, 9) 
Chegada: (16, 12) 
Caminho: [(2, 9), (2, 10), (2, 11), (2, 12), (3, 12), (4, 12), (5, 12), (6, 12), (7, 12), (8, 12), (9, 12), (10, 12), (11, 12), (12, 12), (13, 12), (14, 12), (15, 12), (16, 12)] 
Custo: 170 
Nos Gerados: 52 
Nos Visitados: 18 
Funcao de Custo: 1 
 Heuristica: Manhattan

A*:
Inicio: (2, 9) 
Chegada: (16, 12) 
Caminho: [(2, 9), (3, 9), (4, 9), (5, 9), (6, 9), (7, 9), (8, 9), (9, 9), (10, 9), (11, 9), (12, 9), (13, 9), (14, 9), (15, 9), (16, 9), (16, 10), (16, 11), (16, 12)] 
Custo: 185 
Nos Gerados: 95 
Nos Visitados: 59 
Funcao de Custo: 2 
 Heuristica: Manhattan

A*:
Inicio: (2, 9) 
Chegada: (16, 12) 
Caminho: [(2, 9), (2, 10), (3, 10), (4, 10), (5, 10), (6, 10), (7, 10), (8, 10), (9, 10), (10, 10), (11, 10), (12, 10), (13, 10), (13, 11), (14, 11), (15, 11), (16, 11), (16, 12)] 
Custo: 174 
Nos Gerados: 72 
Nos Visitados: 39 
Funcao de Custo: 3 
 Heuristica: Manhattan

A*:
Inicio: (2, 9) 
Chegada: (16, 12) 
Caminho: [(2, 9), (2, 10), (3, 10), (4, 10), (5, 10), (6, 10), (7, 10), (8, 10), (8, 11), (8, 12), (9, 12), (10, 12), (11, 12), (12, 12), (13, 12), (14, 12), (15, 12), (16, 12)] 
Custo: 162 
Nos Gerados: 50 
Nos Visitados: 18 
Funcao de Custo: 4 
 Heuristica: Manhattan

A*:
Inicio: (11, 24) 
Chegada: (13, 14) 
Caminho: [(11, 24), (12, 24), (12, 23), (12, 22), (13, 22), (13, 21), (13, 20), (13, 19), (13, 18), (13, 17), (13, 16), (13, 15), (13, 14)] 
Custo: 120 
Nos Gerados: 35 
Nos Visitados: 13 
Funcao de Custo: 1 
 Heuristica: Manhattan

A*:
Inicio: (11, 24) 
Chegada: (13, 14) 
Caminho: [(11, 24), (12, 24), (13, 24), (13, 23), (13, 22), (13, 21), (13, 20), (13, 19), (13, 18), (13, 17), (13, 16), (13, 15), (13, 14)] 
Custo: 170 
Nos Gerados: 82 
Nos Visitados: 53 
Funcao de Custo: 2 
 Heuristica: Manhattan

A*:
Inicio: (11, 24) 
Chegada: (13, 14) 
Caminho: [(11, 24), (11, 23), (12, 23), (13, 23), (13, 22), (13, 21), (13, 20), (13, 19), (13, 18), (13, 17), (13, 16), (13, 15), (13, 14)] 
Custo: 141 
Nos Gerados: 63 
Nos Visitados: 30 
Funcao de Custo: 3 
 Heuristica: Manhattan

A*:
Inicio: (11, 24) 
Chegada: (13, 14) 
Caminho: [(11, 24), (11, 23), (12, 23), (13, 23), (13, 22), (13, 21), (13, 20), (13, 19), (13, 18), (13, 17), (13, 16), (13, 15), (13, 14)] 
Custo: 106 
Nos Gerados: 39 
Nos Visitados: 16 
Funcao de Custo: 4 
 Heuristica: Manhattan

A*:
Inicio: (16, 21) 
Chegada: (21, 23) 
Caminho: [(16, 21), (17, 21), (18, 21), (18, 22), (18, 23), (19, 23), (20, 23), (21, 23)] 
Custo: 70 
Nos Gerados: 21 
Nos Visitados: 8 
Funcao de Custo: 1 
 Heuristica: Manhattan

A*:
Inicio: (16, 21) 
Chegada: (21, 23) 
Caminho: [(16, 21), (17, 21), (18, 21), (19, 21), (20, 21), (21, 21), (21, 22), (21, 23)] 
Custo: 80 
Nos Gerados: 33 
Nos Visitados: 17 
Funcao de Custo: 2 
 Heuristica: Manhattan

A*:
Inicio: (16, 21) 
Chegada: (21, 23) 
Caminho: [(16, 21), (16, 22), (17, 22), (18, 22), (19, 22), (20, 22), (21, 22), (21, 23)] 
Custo: 70 
Nos Gerados: 22 
Nos Visitados: 8 
Funcao de Custo: 3 
 Heuristica: Manhattan

A*:
Inicio: (16, 21) 
Chegada: (21, 23) 
Caminho: [(16, 21), (16, 22), (17, 22), (18, 22), (19, 22), (20, 22), (21, 22), (21, 23)] 
Custo: 65 
Nos Gerados: 22 
Nos Visitados: 8 
Funcao de Custo: 4 
 Heuristica: Manhattan

A*:
Inicio: (28, 7) 
Chegada: (2, 2) 
Caminho: [(28, 7), (27, 7), (27, 6), (26, 6), (25, 6), (25, 5), (25, 4), (24, 4), (24, 3), (24, 2), (23, 2), (22, 2), (21, 2), (20, 2), (19, 2), (18, 2), (17, 2), (16, 2), (15, 2), (14, 2), (13, 2), (12, 2), (11, 2), (10, 2), (9, 2), (8, 2), (7, 2), (6, 2), (5, 2), (4, 2), (3, 2), (2, 2)] 
Custo: 310 
Nos Gerados: 89 
Nos Visitados: 32 
Funcao de Custo: 1 
 Heuristica: Manhattan

A*:
Inicio: (28, 7) 
Chegada: (2, 2) 
Caminho: [(28, 7), (27, 7), (26, 7), (25, 7), (24, 7), (23, 7), (22, 7), (21, 7), (20, 7), (19, 7), (18, 7), (17, 7), (16, 7), (15, 7), (14, 7), (13, 7), (12, 7), (11, 7), (10, 7), (9, 7), (8, 7), (7, 7), (6, 7), (5, 7), (4, 7), (3, 7), (2, 7), (2, 6), (2, 5), (2, 4), (2, 3), (2, 2)] 
Custo: 335 
Nos Gerados: 259 
Nos Visitados: 193 
Funcao de Custo: 2 
 Heuristica: Manhattan

A*:
Inicio: (28, 7) 
Chegada: (2, 2) 
Caminho: [(28, 7), (27, 7), (26, 7), (25, 7), (24, 7), (23, 7), (22, 7), (21, 7), (20, 7), (19, 7), (18, 7), (17, 7), (16, 7), (15, 7), (14, 7), (13, 7), (12, 7), (11, 7), (10, 7), (10, 6), (10, 5), (9, 5), (8, 5), (7, 5), (6, 5), (6, 4), (5, 4), (5, 3), (4, 3), (3, 3), (2, 3), (2, 2)] 
Custo: 313 
Nos Gerados: 176 
Nos Visitados: 95 
Funcao de Custo: 3 
 Heuristica: Manhattan

A*:
Inicio: (28, 7) 
Chegada: (2, 2) 
Caminho: [(28, 7), (28, 6), (27, 6), (26, 6), (25, 6), (24, 6), (23, 6), (23, 5), (23, 4), (23, 3), (23, 2), (22, 2), (21, 2), (20, 2), (19, 2), (18, 2), (17, 2), (16, 2), (15, 2), (14, 2), (13, 2), (12, 2), (11, 2), (10, 2), (9, 2), (8, 2), (7, 2), (6, 2), (5, 2), (4, 2), (3, 2), (2, 2)] 
Custo: 299 
Nos Gerados: 92 
Nos Visitados: 32 
Funcao de Custo: 4 
 Heuristica: Manhattan

A*:
Inicio: (21, 17) 
Chegada: (8, 27) 
Caminho: [(21, 17), (21, 18), (21, 19), (20, 19), (19, 19), (18, 19), (18, 20), (17, 20), (16, 20), (16, 21), (15, 21), (15, 22), (14, 22), (13, 22), (13, 23), (12, 23), (11, 23), (10, 23), (10, 24), (10, 25), (9, 25), (8, 25), (8, 26), (8, 27)] 
Custo: 230 
Nos Gerados: 59 
Nos Visitados: 24 
Funcao de Custo: 1 
 Heuristica: Manhattan

A*:
Inicio: (21, 17) 
Chegada: (8, 27) 
Caminho: [(21, 17), (20, 17), (19, 17), (18, 17), (17, 17), (16, 17), (15, 17), (14, 17), (13, 17), (12, 17), (11, 17), (10, 17), (9, 17), (8, 17), (8, 18), (8, 19), (8, 20), (8, 21), (8, 22), (8, 23), (8, 24), (8, 25), (8, 26), (8, 27)] 
Custo: 280 
Nos Gerados: 236 
Nos Visitados: 185 
Funcao de Custo: 2 
 Heuristica: Manhattan

A*:
Inicio: (21, 17) 
Chegada: (8, 27) 
Caminho: [(21, 17), (20, 17), (19, 17), (18, 17), (17, 17), (16, 17), (15, 17), (15, 18), (14, 18), (13, 18), (12, 18), (11, 18), (10, 18), (10, 19), (9, 19), (8, 19), (8, 20), (8, 21), (8, 22), (8, 23), (8, 24), (8, 25), (8, 26), (8, 27)] 
Custo: 252 
Nos Gerados: 198 
Nos Visitados: 130 
Funcao de Custo: 3 
 Heuristica: Manhattan

A*:
Inicio: (21, 17) 
Chegada: (8, 27) 
Caminho: [(21, 17), (21, 18), (20, 18), (19, 18), (18, 18), (17, 18), (16, 18), (15, 18), (15, 19), (15, 20), (15, 21), (15, 22), (15, 23), (15, 24), (15, 25), (15, 26), (15, 27), (14, 27), (13, 27), (12, 27), (11, 27), (10, 27), (9, 27), (8, 27)] 
Custo: 200 
Nos Gerados: 68 
Nos Visitados: 24 
Funcao de Custo: 4 
 Heuristica: Manhattan

A*:
Inicio: (7, 6) 
Chegada: (29, 29) 
Caminho: [(7, 6), (8, 6), (9, 6), (9, 7), (10, 7), (11, 7), (11, 8), (12, 8), (13, 8), (13, 9), (13, 10), (13, 11), (13, 12), (14, 12), (14, 13), (14, 14), (15, 14), (15, 15), (15, 16), (16, 16), (16, 17), (16, 18), (17, 18), (18, 18), (18, 19), (18, 20), (19, 20), (20, 20), (21, 20), (22, 20), (23, 20), (23, 21), (24, 21), (24, 22), (25, 22), (26, 22), (27, 22), (28, 22), (28, 23), (28, 24), (29, 24), (29, 25), (29, 26), (29, 27), (29, 28), (29, 29)] 
Custo: 450 
Nos Gerados: 116 
Nos Visitados: 46 
Funcao de Custo: 1 
 Heuristica: Manhattan

A*:
Inicio: (7, 6) 
Chegada: (29, 29) 
Caminho: [(7, 6), (8, 6), (9, 6), (10, 6), (11, 6), (12, 6), (13, 6), (14, 6), (15, 6), (16, 6), (17, 6), (18, 6), (19, 6), (20, 6), (21, 6), (22, 6), (23, 6), (24, 6), (25, 6), (26, 6), (27, 6), (28, 6), (29, 6), (29, 7), (29, 8), (29, 9), (29, 10), (29, 11), (29, 12), (29, 13), (29, 14), (29, 15), (29, 16), (29, 17), (29, 18), (29, 19), (29, 20), (29, 21), (29, 22), (29, 23), (29, 24), (29, 25), (29, 26), (29, 27), (29, 28), (29, 29)] 
Custo: 565 
Nos Gerados: 812 
Nos Visitados: 734 
Funcao de Custo: 2 
 Heuristica: Manhattan

A*:
Inicio: (7, 6) 
Chegada: (29, 29) 
Caminho: [(7, 6), (8, 6), (9, 6), (10, 6), (11, 6), (12, 6), (13, 6), (13, 7), (14, 7), (15, 7), (16, 7), (17, 7), (18, 7), (18, 8), (19, 8), (20, 8), (21, 8), (22, 8), (23, 8), (23, 9), (24, 9), (25, 9), (26, 9), (27, 9), (28, 9), (28, 10), (29, 10), (29, 11), (29, 12), (29, 13), (29, 14), (29, 15), (29, 16), (29, 17), (29, 18), (29, 19), (29, 20), (29, 21), (29, 22), (29, 23), (29, 24), (29, 25), (29, 26), (29, 27), (29, 28), (29, 29)] 
Custo: 497 
Nos Gerados: 592 
Nos Visitados: 486 
Funcao de Custo: 3 
 Heuristica: Manhattan

A*:
Inicio: (7, 6) 
Chegada: (29, 29) 
Caminho: [(7, 6), (7, 7), (8, 7), (9, 7), (10, 7), (11, 7), (12, 7), (12, 8), (12, 9), (12, 10), (12, 11), (12, 12), (12, 13), (12, 14), (12, 15), (12, 16), (12, 17), (12, 18), (13, 18), (14, 18), (15, 18), (16, 18), (17, 18), (17, 19), (17, 20), (17, 21), (17, 22), (17, 23), (17, 24), (18, 24), (19, 24), (20, 24), (21, 24), (22, 24), (22, 25), (22, 26), (22, 27), (22, 28), (22, 29), (23, 29), (24, 29), (25, 29), (26, 29), (27, 29), (28, 29), (29, 29)] 
Custo: 390 
Nos Gerados: 130 
Nos Visitados: 46 
Funcao de Custo: 4 
 Heuristica: Manhattan

A*:
Inicio: (8, 15) 
Chegada: (11, 3) 
Caminho: [(8, 15), (9, 15), (10, 15), (11, 15), (11, 14), (11, 13), (11, 12), (11, 11), (11, 10), (11, 9), (11, 8), (11, 7), (11, 6), (11, 5), (11, 4), (11, 3)] 
Custo: 150 
Nos Gerados: 46 
Nos Visitados: 16 
Funcao de Custo: 1 
 Heuristica: Manhattan

A*:
Inicio: (8, 15) 
Chegada: (11, 3) 
Caminho: [(8, 15), (9, 15), (10, 15), (11, 15), (11, 14), (11, 13), (11, 12), (11, 11), (11, 10), (11, 9), (11, 8), (11, 7), (11, 6), (11, 5), (11, 4), (11, 3)] 
Custo: 210 
Nos Gerados: 118 
Nos Visitados: 83 
Funcao de Custo: 2 
 Heuristica: Manhattan

A*:
Inicio: (8, 15) 
Chegada: (11, 3) 
Caminho: [(8, 15), (8, 14), (9, 14), (10, 14), (11, 14), (11, 13), (11, 12), (11, 11), (11, 10), (11, 9), (11, 8), (11, 7), (11, 6), (11, 5), (11, 4), (11, 3)] 
Custo: 171 
Nos Gerados: 71 
Nos Visitados: 35 
Funcao de Custo: 3 
 Heuristica: Manhattan

A*:
Inicio: (8, 15) 
Chegada: (11, 3) 
Caminho: [(8, 15), (8, 14), (9, 14), (10, 14), (11, 14), (11, 13), (11, 12), (11, 11), (11, 10), (11, 9), (11, 8), (11, 7), (11, 6), (11, 5), (11, 4), (11, 3)] 
Custo: 124 
Nos Gerados: 45 
Nos Visitados: 16 
Funcao de Custo: 4 
 Heuristica: Manhattan

A*:
Inicio: (17, 10) 
Chegada: (10, 15) 
Caminho: [(17, 10), (16, 10), (15, 10), (15, 11), (15, 12), (15, 13), (15, 14), (15, 15), (14, 15), (13, 15), (12, 15), (11, 15), (10, 15)] 
Custo: 120 
Nos Gerados: 36 
Nos Visitados: 13 
Funcao de Custo: 1 
 Heuristica: Manhattan

A*:
Inicio: (17, 10) 
Chegada: (10, 15) 
Caminho: [(17, 10), (16, 10), (15, 10), (14, 10), (13, 10), (12, 10), (11, 10), (10, 10), (10, 11), (10, 12), (10, 13), (10, 14), (10, 15)] 
Custo: 145 
Nos Gerados: 75 
Nos Visitados: 48 
Funcao de Custo: 2 
 Heuristica: Manhattan

A*:
Inicio: (17, 10) 
Chegada: (10, 15) 
Caminho: [(17, 10), (17, 11), (16, 11), (15, 11), (14, 11), (13, 11), (12, 11), (12, 12), (11, 12), (10, 12), (10, 13), (10, 14), (10, 15)] 
Custo: 132 
Nos Gerados: 61 
Nos Visitados: 35 
Funcao de Custo: 3 
 Heuristica: Manhattan

A*:
Inicio: (17, 10) 
Chegada: (10, 15) 
Caminho: [(17, 10), (17, 11), (16, 11), (15, 11), (14, 11), (13, 11), (12, 11), (12, 12), (12, 13), (12, 14), (12, 15), (11, 15), (10, 15)] 
Custo: 109 
Nos Gerados: 35 
Nos Visitados: 13 
Funcao de Custo: 4 
 Heuristica: Manhattan

A*:
Inicio: (12, 24) 
Chegada: (21, 23) 
Caminho: [(12, 24), (12, 23), (13, 23), (14, 23), (15, 23), (16, 23), (17, 23), (18, 23), (19, 23), (20, 23), (21, 23)] 
Custo: 100 
Nos Gerados: 31 
Nos Visitados: 11 
Funcao de Custo: 1 
 Heuristica: Manhattan

A*:
Inicio: (12, 24) 
Chegada: (21, 23) 
Caminho: [(12, 24), (13, 24), (14, 24), (15, 24), (16, 24), (17, 24), (18, 24), (19, 24), (20, 24), (21, 24), (21, 23)] 
Custo: 105 
Nos Gerados: 32 
Nos Visitados: 11 
Funcao de Custo: 2 
 Heuristica: Manhattan

A*:
Inicio: (12, 24) 
Chegada: (21, 23) 
Caminho: [(12, 24), (13, 24), (14, 24), (15, 24), (16, 24), (17, 24), (18, 24), (18, 23), (19, 23), (20, 23), (21, 23)] 
Custo: 100 
Nos Gerados: 30 
Nos Visitados: 11 
Funcao de Custo: 3 
 Heuristica: Manhattan

A*:
Inicio: (12, 24) 
Chegada: (21, 23) 
Caminho: [(12, 24), (12, 23), (13, 23), (14, 23), (15, 23), (16, 23), (17, 23), (18, 23), (19, 23), (20, 23), (21, 23)] 
Custo: 95 
Nos Gerados: 31 
Nos Visitados: 11 
Funcao de Custo: 4 
 Heuristica: Manhattan

A*:
Inicio: (12, 17) 
Chegada: (2, 11) 
Caminho: [(12, 17), (12, 16), (12, 15), (12, 14), (12, 13), (11, 13), (11, 12), (10, 12), (10, 11), (9, 11), (8, 11), (7, 11), (6, 11), (5, 11), (4, 11), (3, 11), (2, 11)] 
Custo: 160 
Nos Gerados: 45 
Nos Visitados: 17 
Funcao de Custo: 1 
 Heuristica: Manhattan

A*:
Inicio: (12, 17) 
Chegada: (2, 11) 
Caminho: [(12, 17), (11, 17), (10, 17), (9, 17), (8, 17), (7, 17), (6, 17), (5, 17), (4, 17), (3, 17), (2, 17), (2, 16), (2, 15), (2, 14), (2, 13), (2, 12), (2, 11)] 
Custo: 190 
Nos Gerados: 118 
Nos Visitados: 83 
Funcao de Custo: 2 
 Heuristica: Manhattan

A*:
Inicio: (12, 17) 
Chegada: (2, 11) 
Caminho: [(12, 17), (11, 17), (10, 17), (9, 17), (8, 17), (7, 17), (6, 17), (6, 16), (6, 15), (5, 15), (4, 15), (3, 15), (2, 15), (2, 14), (2, 13), (2, 12), (2, 11)] 
Custo: 167 
Nos Gerados: 78 
Nos Visitados: 43 
Funcao de Custo: 3 
 Heuristica: Manhattan

A*:
Inicio: (12, 17) 
Chegada: (2, 11) 
Caminho: [(12, 17), (12, 16), (11, 16), (10, 16), (9, 16), (8, 16), (7, 16), (6, 16), (6, 15), (6, 14), (6, 13), (6, 12), (6, 11), (5, 11), (4, 11), (3, 11), (2, 11)] 
Custo: 140 
Nos Gerados: 47 
Nos Visitados: 17 
Funcao de Custo: 4 
 Heuristica: Manhattan

A*:
Inicio: (19, 18) 
Chegada: (6, 23) 
Caminho: [(19, 18), (19, 19), (18, 19), (17, 19), (17, 20), (16, 20), (15, 20), (15, 21), (15, 22), (15, 23), (14, 23), (13, 23), (12, 23), (11, 23), (10, 23), (9, 23), (8, 23), (7, 23), (6, 23)] 
Custo: 180 
Nos Gerados: 51 
Nos Visitados: 19 
Funcao de Custo: 1 
 Heuristica: Manhattan

A*:
Inicio: (19, 18) 
Chegada: (6, 23) 
Caminho: [(19, 18), (18, 18), (17, 18), (16, 18), (15, 18), (14, 18), (13, 18), (12, 18), (11, 18), (10, 18), (9, 18), (8, 18), (7, 18), (6, 18), (6, 19), (6, 20), (6, 21), (6, 22), (6, 23)] 
Custo: 205 
Nos Gerados: 138 
Nos Visitados: 98 
Funcao de Custo: 2 
 Heuristica: Manhattan

A*:
Inicio: (19, 18) 
Chegada: (6, 23) 
Caminho: [(19, 18), (19, 19), (18, 19), (17, 19), (16, 19), (15, 19), (14, 19), (14, 20), (14, 21), (13, 21), (12, 21), (11, 21), (10, 21), (10, 22), (10, 23), (9, 23), (8, 23), (7, 23), (6, 23)] 
Custo: 182 
Nos Gerados: 74 
Nos Visitados: 35 
Funcao de Custo: 3 
 Heuristica: Manhattan

A*:
Inicio: (19, 18) 
Chegada: (6, 23) 
Caminho: [(19, 18), (19, 19), (18, 19), (17, 19), (16, 19), (15, 19), (14, 19), (13, 19), (13, 20), (13, 21), (13, 22), (13, 23), (12, 23), (11, 23), (10, 23), (9, 23), (8, 23), (7, 23), (6, 23)] 
Custo: 165 
Nos Gerados: 53 
Nos Visitados: 19 
Funcao de Custo: 4 
 Heuristica: Manhattan

A*:
Inicio: (27, 5) 
Chegada: (12, 18) 
Caminho: [(27, 5), (26, 5), (25, 5), (25, 6), (24, 6), (24, 7), (24, 8), (23, 8), (22, 8), (21, 8), (21, 9), (21, 10), (20, 10), (19, 10), (19, 11), (19, 12), (19, 13), (19, 14), (19, 15), (19, 16), (18, 16), (17, 16), (16, 16), (15, 16), (14, 16), (13, 16), (13, 17), (12, 17), (12, 18)] 
Custo: 280 
Nos Gerados: 76 
Nos Visitados: 29 
Funcao de Custo: 1 
 Heuristica: Manhattan

A*:
Inicio: (27, 5) 
Chegada: (12, 18) 
Caminho: [(27, 5), (26, 5), (25, 5), (24, 5), (23, 5), (22, 5), (21, 5), (20, 5), (19, 5), (18, 5), (17, 5), (16, 5), (15, 5), (14, 5), (13, 5), (12, 5), (12, 6), (12, 7), (12, 8), (12, 9), (12, 10), (12, 11), (12, 12), (12, 13), (12, 14), (12, 15), (12, 16), (12, 17), (12, 18)] 
Custo: 345 
Nos Gerados: 340 
Nos Visitados: 278 
Funcao de Custo: 2 
 Heuristica: Manhattan

A*:
Inicio: (27, 5) 
Chegada: (12, 18) 
Caminho: [(27, 5), (27, 6), (26, 6), (25, 6), (24, 6), (23, 6), (22, 6), (22, 7), (21, 7), (20, 7), (19, 7), (18, 7), (17, 7), (17, 8), (17, 9), (17, 10), (16, 10), (15, 10), (14, 10), (14, 11), (14, 12), (13, 12), (12, 12), (12, 13), (12, 14), (12, 15), (12, 16), (12, 17), (12, 18)] 
Custo: 299 
Nos Gerados: 205 
Nos Visitados: 128 
Funcao de Custo: 3 
 Heuristica: Manhattan

A*:
Inicio: (27, 5) 
Chegada: (12, 18) 
Caminho: [(27, 5), (27, 6), (26, 6), (25, 6), (24, 6), (23, 6), (22, 6), (22, 7), (22, 8), (22, 9), (22, 10), (22, 11), (22, 12), (22, 13), (22, 14), (22, 15), (22, 16), (21, 16), (20, 16), (19, 16), (18, 16), (17, 16), (16, 16), (16, 17), (16, 18), (15, 18), (14, 18), (13, 18), (12, 18)] 
Custo: 241 
Nos Gerados: 81 
Nos Visitados: 29 
Funcao de Custo: 4 
 Heuristica: Manhattan

A*:
Inicio: (10, 17) 
Chegada: (22, 20) 
Caminho: [(10, 17), (10, 18), (10, 19), (11, 19), (12, 19), (13, 19), (13, 20), (14, 20), (15, 20), (16, 20), (17, 20), (18, 20), (19, 20), (20, 20), (21, 20), (22, 20)] 
Custo: 150 
Nos Gerados: 44 
Nos Visitados: 16 
Funcao de Custo: 1 
 Heuristica: Manhattan

A*:
Inicio: (10, 17) 
Chegada: (22, 20) 
Caminho: [(10, 17), (11, 17), (12, 17), (13, 17), (14, 17), (15, 17), (16, 17), (17, 17), (18, 17), (19, 17), (20, 17), (21, 17), (22, 17), (22, 18), (22, 19), (22, 20)] 
Custo: 165 
Nos Gerados: 82 
Nos Visitados: 50 
Funcao de Custo: 2 
 Heuristica: Manhattan

A*:
Inicio: (10, 17) 
Chegada: (22, 20) 
Caminho: [(10, 17), (11, 17), (12, 17), (13, 17), (14, 17), (15, 17), (16, 17), (16, 18), (16, 19), (17, 19), (18, 19), (19, 19), (20, 19), (20, 20), (21, 20), (22, 20)] 
Custo: 151 
Nos Gerados: 61 
Nos Visitados: 24 
Funcao de Custo: 3 
 Heuristica: Manhattan

A*:
Inicio: (10, 17) 
Chegada: (22, 20) 
Caminho: [(10, 17), (10, 18), (11, 18), (12, 18), (13, 18), (14, 18), (15, 18), (15, 19), (15, 20), (16, 20), (17, 20), (18, 20), (19, 20), (20, 20), (21, 20), (22, 20)] 
Custo: 144 
Nos Gerados: 44 
Nos Visitados: 16 
Funcao de Custo: 4 
 Heuristica: Manhattan

A*:
Inicio: (3, 11) 
Chegada: (14, 28) 
Caminho: [(3, 11), (4, 11), (4, 12), (5, 12), (5, 13), (6, 13), (6, 14), (7, 14), (8, 14), (9, 14), (10, 14), (10, 15), (11, 15), (11, 16), (12, 16), (13, 16), (13, 17), (14, 17), (14, 18), (14, 19), (14, 20), (14, 21), (14, 22), (14, 23), (14, 24), (14, 25), (14, 26), (14, 27), (14, 28)] 
Custo: 280 
Nos Gerados: 73 
Nos Visitados: 29 
Funcao de Custo: 1 
 Heuristica: Manhattan

A*:
Inicio: (3, 11) 
Chegada: (14, 28) 
Caminho: [(3, 11), (4, 11), (5, 11), (6, 11), (7, 11), (8, 11), (9, 11), (10, 11), (11, 11), (12, 11), (13, 11), (14, 11), (14, 12), (14, 13), (14, 14), (14, 15), (14, 16), (14, 17), (14, 18), (14, 19), (14, 20), (14, 21), (14, 22), (14, 23), (14, 24), (14, 25), (14, 26), (14, 27), (14, 28)] 
Custo: 365 
Nos Gerados: 370 
Nos Visitados: 310 
Funcao de Custo: 2 
 Heuristica: Manhattan

A*:
Inicio: (3, 11) 
Chegada: (14, 28) 
Caminho: [(3, 11), (3, 12), (4, 12), (5, 12), (6, 12), (7, 12), (8, 12), (8, 13), (8, 14), (9, 14), (10, 14), (11, 14), (12, 14), (12, 15), (12, 16), (13, 16), (14, 16), (14, 17), (14, 18), (14, 19), (14, 20), (14, 21), (14, 22), (14, 23), (14, 24), (14, 25), (14, 26), (14, 27), (14, 28)] 
Custo: 312 
Nos Gerados: 260 
Nos Visitados: 187 
Funcao de Custo: 3 
 Heuristica: Manhattan

A*:
Inicio: (3, 11) 
Chegada: (14, 28) 
Caminho: [(3, 11), (3, 12), (4, 12), (5, 12), (6, 12), (7, 12), (8, 12), (8, 13), (8, 14), (8, 15), (8, 16), (8, 17), (8, 18), (8, 19), (8, 20), (8, 21), (8, 22), (9, 22), (10, 22), (11, 22), (12, 22), (13, 22), (14, 22), (14, 23), (14, 24), (14, 25), (14, 26), (14, 27), (14, 28)] 
Custo: 235 
Nos Gerados: 82 
Nos Visitados: 29 
Funcao de Custo: 4 
 Heuristica: Manhattan

A*:
Inicio: (17, 30) 
Chegada: (22, 30) 
Caminho: [(17, 30), (18, 30), (19, 30), (20, 30), (21, 30), (22, 30)] 
Custo: 50 
Nos Gerados: 12 
Nos Visitados: 6 
Funcao de Custo: 1 
 Heuristica: Manhattan

A*:
Inicio: (17, 30) 
Chegada: (22, 30) 
Caminho: [(17, 30), (18, 30), (19, 30), (20, 30), (21, 30), (22, 30)] 
Custo: 50 
Nos Gerados: 12 
Nos Visitados: 6 
Funcao de Custo: 2 
 Heuristica: Manhattan

A*:
Inicio: (17, 30) 
Chegada: (22, 30) 
Caminho: [(17, 30), (18, 30), (19, 30), (20, 30), (21, 30), (22, 30)] 
Custo: 50 
Nos Gerados: 12 
Nos Visitados: 6 
Funcao de Custo: 3 
 Heuristica: Manhattan

A*:
Inicio: (17, 30) 
Chegada: (22, 30) 
Caminho: [(17, 30), (18, 30), (19, 30), (20, 30), (21, 30), (22, 30)] 
Custo: 50 
Nos Gerados: 12 
Nos Visitados: 6 
Funcao de Custo: 4 
 Heuristica: Manhattan

A*:
Inicio: (16, 30) 
Chegada: (30, 7) 
Caminho: [(16, 30), (16, 29), (17, 29), (18, 29), (18, 28), (18, 27), (19, 27), (19, 26), (19, 25), (19, 24), (20, 24), (20, 23), (20, 22), (21, 22), (22, 22), (23, 22), (23, 21), (23, 20), (23, 19), (24, 19), (24, 18), (24, 17), (25, 17), (25, 16), (26, 16), (26, 15), (26, 14), (26, 13), (26, 12), (27, 12), (28, 12), (28, 11), (29, 11), (30, 11), (30, 10), (30, 9), (30, 8), (30, 7)] 
Custo: 370 
Nos Gerados: 90 
Nos Visitados: 38 
Funcao de Custo: 1 
 Heuristica: Manhattan

A*:
Inicio: (16, 30) 
Chegada: (30, 7) 
Caminho: [(16, 30), (17, 30), (18, 30), (19, 30), (20, 30), (21, 30), (22, 30), (23, 30), (24, 30), (25, 30), (26, 30), (27, 30), (28, 30), (29, 30), (30, 30), (30, 29), (30, 28), (30, 27), (30, 26), (30, 25), (30, 24), (30, 23), (30, 22), (30, 21), (30, 20), (30, 19), (30, 18), (30, 17), (30, 16), (30, 15), (30, 14), (30, 13), (30, 12), (30, 11), (30, 10), (30, 9), (30, 8), (30, 7)] 
Custo: 485 
Nos Gerados: 446 
Nos Visitados: 409 
Funcao de Custo: 2 
 Heuristica: Manhattan

A*:
Inicio: (16, 30) 
Chegada: (30, 7) 
Caminho: [(16, 30), (16, 29), (17, 29), (18, 29), (19, 29), (20, 29), (21, 29), (21, 28), (22, 28), (23, 28), (24, 28), (25, 28), (26, 28), (26, 27), (27, 27), (28, 27), (29, 27), (30, 27), (30, 26), (30, 25), (30, 24), (30, 23), (30, 22), (30, 21), (30, 20), (30, 19), (30, 18), (30, 17), (30, 16), (30, 15), (30, 14), (30, 13), (30, 12), (30, 11), (30, 10), (30, 9), (30, 8), (30, 7)] 
Custo: 420 
Nos Gerados: 372 
Nos Visitados: 319 
Funcao de Custo: 3 
 Heuristica: Manhattan

A*:
Inicio: (16, 30) 
Chegada: (30, 7) 
Caminho: [(16, 30), (16, 29), (17, 29), (18, 29), (19, 29), (20, 29), (21, 29), (22, 29), (22, 28), (22, 27), (22, 26), (22, 25), (22, 24), (22, 23), (22, 22), (22, 21), (22, 20), (22, 19), (23, 19), (24, 19), (25, 19), (26, 19), (27, 19), (27, 18), (27, 17), (27, 16), (27, 15), (27, 14), (27, 13), (28, 13), (29, 13), (30, 13), (30, 12), (30, 11), (30, 10), (30, 9), (30, 8), (30, 7)] 
Custo: 320 
Nos Gerados: 117 
Nos Visitados: 54 
Funcao de Custo: 4 
 Heuristica: Manhattan

A*:
Inicio: (16, 15) 
Chegada: (9, 8) 
Caminho: [(16, 15), (16, 14), (15, 14), (15, 13), (15, 12), (15, 11), (14, 11), (14, 10), (13, 10), (13, 9), (13, 8), (12, 8), (11, 8), (10, 8), (9, 8)] 
Custo: 140 
Nos Gerados: 37 
Nos Visitados: 15 
Funcao de Custo: 1 
 Heuristica: Manhattan

A*:
Inicio: (16, 15) 
Chegada: (9, 8) 
Caminho: [(16, 15), (15, 15), (14, 15), (13, 15), (12, 15), (11, 15), (10, 15), (9, 15), (9, 14), (9, 13), (9, 12), (9, 11), (9, 10), (9, 9), (9, 8)] 
Custo: 175 
Nos Gerados: 102 
Nos Visitados: 71 
Funcao de Custo: 2 
 Heuristica: Manhattan

A*:
Inicio: (16, 15) 
Chegada: (9, 8) 
Caminho: [(16, 15), (15, 15), (14, 15), (13, 15), (12, 15), (11, 15), (10, 15), (10, 14), (10, 13), (9, 13), (9, 12), (9, 11), (9, 10), (9, 9), (9, 8)] 
Custo: 154 
Nos Gerados: 83 
Nos Visitados: 46 
Funcao de Custo: 3 
 Heuristica: Manhattan

A*:
Inicio: (16, 15) 
Chegada: (9, 8) 
Caminho: [(16, 15), (16, 14), (15, 14), (14, 14), (13, 14), (12, 14), (11, 14), (10, 14), (10, 13), (10, 12), (10, 11), (10, 10), (10, 9), (10, 8), (9, 8)] 
Custo: 116 
Nos Gerados: 42 
Nos Visitados: 15 
Funcao de Custo: 4 
 Heuristica: Manhattan

A*:
Inicio: (2, 21) 
Chegada: (13, 21) 
Caminho: [(2, 21), (3, 21), (4, 21), (5, 21), (6, 21), (7, 21), (8, 21), (9, 21), (10, 21), (11, 21), (12, 21), (13, 21)] 
Custo: 110 
Nos Gerados: 35 
Nos Visitados: 12 
Funcao de Custo: 1 
 Heuristica: Manhattan

A*:
Inicio: (2, 21) 
Chegada: (13, 21) 
Caminho: [(2, 21), (3, 21), (4, 21), (5, 21), (6, 21), (7, 21), (8, 21), (9, 21), (10, 21), (11, 21), (12, 21), (13, 21)] 
Custo: 110 
Nos Gerados: 35 
Nos Visitados: 12 
Funcao de Custo: 2 
 Heuristica: Manhattan

A*:
Inicio: (2, 21) 
Chegada: (13, 21) 
Caminho: [(2, 21), (3, 21), (4, 21), (5, 21), (6, 21), (7, 21), (8, 21), (9, 21), (10, 21), (11, 21), (12, 21), (13, 21)] 
Custo: 110 
Nos Gerados: 35 
Nos Visitados: 12 
Funcao de Custo: 3 
 Heuristica: Manhattan

A*:
Inicio: (2, 21) 
Chegada: (13, 21) 
Caminho: [(2, 21), (3, 21), (4, 21), (5, 21), (6, 21), (7, 21), (8, 21), (9, 21), (10, 21), (11, 21), (12, 21), (13, 21)] 
Custo: 110 
Nos Gerados: 35 
Nos Visitados: 12 
Funcao de Custo: 4 
 Heuristica: Manhattan

A*:
Inicio: (15, 12) 
Chegada: (27, 9) 
Caminho: [(15, 12), (15, 11), (16, 11), (16, 10), (17, 10), (17, 9), (18, 9), (19, 9), (20, 9), (21, 9), (22, 9), (23, 9), (24, 9), (25, 9), (26, 9), (27, 9)] 
Custo: 150 
Nos Gerados: 42 
Nos Visitados: 16 
Funcao de Custo: 1 
 Heuristica: Manhattan

A*:
Inicio: (15, 12) 
Chegada: (27, 9) 
Caminho: [(15, 12), (16, 12), (17, 12), (18, 12), (19, 12), (20, 12), (21, 12), (22, 12), (23, 12), (24, 12), (25, 12), (26, 12), (27, 12), (27, 11), (27, 10), (27, 9)] 
Custo: 165 
Nos Gerados: 79 
Nos Visitados: 48 
Funcao de Custo: 2 
 Heuristica: Manhattan

A*:
Inicio: (15, 12) 
Chegada: (27, 9) 
Caminho: [(15, 12), (16, 12), (17, 12), (18, 12), (19, 12), (20, 12), (21, 12), (21, 11), (22, 11), (23, 11), (24, 11), (25, 11), (26, 11), (26, 10), (27, 10), (27, 9)] 
Custo: 152 
Nos Gerados: 54 
Nos Visitados: 23 
Funcao de Custo: 3 
 Heuristica: Manhattan

A*:
Inicio: (15, 12) 
Chegada: (27, 9) 
Caminho: [(15, 12), (15, 11), (16, 11), (17, 11), (18, 11), (19, 11), (20, 11), (21, 11), (21, 10), (21, 9), (22, 9), (23, 9), (24, 9), (25, 9), (26, 9), (27, 9)] 
Custo: 142 
Nos Gerados: 44 
Nos Visitados: 16 
Funcao de Custo: 4 
 Heuristica: Manhattan

A*:
Inicio: (1, 1) 
Chegada: (19, 0) 
Caminho: [(1, 1), (2, 1), (2, 0), (3, 0), (4, 0), (5, 0), (6, 0), (7, 0), (8, 0), (9, 0), (10, 0), (11, 0), (12, 0), (13, 0), (14, 0), (15, 0), (16, 0), (17, 0), (18, 0), (19, 0)] 
Custo: 190 
Nos Gerados: 40 
Nos Visitados: 20 
Funcao de Custo: 1 
 Heuristica: Manhattan

A*:
Inicio: (1, 1) 
Chegada: (19, 0) 
Caminho: [(1, 1), (2, 1), (3, 1), (4, 1), (5, 1), (6, 1), (7, 1), (8, 1), (9, 1), (10, 1), (11, 1), (12, 1), (13, 1), (14, 1), (15, 1), (16, 1), (17, 1), (18, 1), (19, 1), (19, 0)] 
Custo: 195 
Nos Gerados: 59 
Nos Visitados: 20 
Funcao de Custo: 2 
 Heuristica: Manhattan

A*:
Inicio: (1, 1) 
Chegada: (19, 0) 
Caminho: [(1, 1), (1, 0), (2, 0), (3, 0), (4, 0), (5, 0), (6, 0), (7, 0), (8, 0), (9, 0), (10, 0), (11, 0), (12, 0), (13, 0), (14, 0), (15, 0), (16, 0), (17, 0), (18, 0), (19, 0)] 
Custo: 190 
Nos Gerados: 40 
Nos Visitados: 20 
Funcao de Custo: 3 
 Heuristica: Manhattan

A*:
Inicio: (1, 1) 
Chegada: (19, 0) 
Caminho: [(1, 1), (1, 0), (2, 0), (3, 0), (4, 0), (5, 0), (6, 0), (7, 0), (8, 0), (9, 0), (10, 0), (11, 0), (12, 0), (13, 0), (14, 0), (15, 0), (16, 0), (17, 0), (18, 0), (19, 0)] 
Custo: 185 
Nos Gerados: 40 
Nos Visitados: 20 
Funcao de Custo: 4 
 Heuristica: Manhattan

A*:
Inicio: (10, 10) 
Chegada: (12, 26) 
Caminho: [(10, 10), (10, 11), (11, 11), (12, 11), (12, 12), (12, 13), (12, 14), (12, 15), (12, 16), (12, 17), (12, 18), (12, 19), (12, 20), (12, 21), (12, 22), (12, 23), (12, 24), (12, 25), (12, 26)] 
Custo: 180 
Nos Gerados: 54 
Nos Visitados: 19 
Funcao de Custo: 1 
 Heuristica: Manhattan

A*:
Inicio: (10, 10) 
Chegada: (12, 26) 
Caminho: [(10, 10), (11, 10), (12, 10), (12, 11), (12, 12), (12, 13), (12, 14), (12, 15), (12, 16), (12, 17), (12, 18), (12, 19), (12, 20), (12, 21), (12, 22), (12, 23), (12, 24), (12, 25), (12, 26)] 
Custo: 260 
Nos Gerados: 163 
Nos Visitados: 117 
Funcao de Custo: 2 
 Heuristica: Manhattan

A*:
Inicio: (10, 10) 
Chegada: (12, 26) 
Caminho: [(10, 10), (10, 11), (11, 11), (12, 11), (12, 12), (12, 13), (12, 14), (12, 15), (12, 16), (12, 17), (12, 18), (12, 19), (12, 20), (12, 21), (12, 22), (12, 23), (12, 24), (12, 25), (12, 26)] 
Custo: 216 
Nos Gerados: 110 
Nos Visitados: 67 
Funcao de Custo: 3 
 Heuristica: Manhattan

A*:
Inicio: (10, 10) 
Chegada: (12, 26) 
Caminho: [(10, 10), (10, 11), (11, 11), (12, 11), (12, 12), (12, 13), (12, 14), (12, 15), (12, 16), (12, 17), (12, 18), (12, 19), (12, 20), (12, 21), (12, 22), (12, 23), (12, 24), (12, 25), (12, 26)] 
Custo: 157 
Nos Gerados: 57 
Nos Visitados: 22 
Funcao de Custo: 4 
 Heuristica: Manhattan

A*:
Inicio: (23, 23) 
Chegada: (27, 13) 
Caminho: [(23, 23), (24, 23), (24, 22), (24, 21), (25, 21), (25, 20), (26, 20), (27, 20), (27, 19), (27, 18), (27, 17), (27, 16), (27, 15), (27, 14), (27, 13)] 
Custo: 140 
Nos Gerados: 39 
Nos Visitados: 15 
Funcao de Custo: 1 
 Heuristica: Manhattan

A*:
Inicio: (23, 23) 
Chegada: (27, 13) 
Caminho: [(23, 23), (24, 23), (25, 23), (26, 23), (27, 23), (27, 22), (27, 21), (27, 20), (27, 19), (27, 18), (27, 17), (27, 16), (27, 15), (27, 14), (27, 13)] 
Custo: 190 
Nos Gerados: 117 
Nos Visitados: 83 
Funcao de Custo: 2 
 Heuristica: Manhattan

A*:
Inicio: (23, 23) 
Chegada: (27, 13) 
Caminho: [(23, 23), (24, 23), (25, 23), (26, 23), (27, 23), (27, 22), (27, 21), (27, 20), (27, 19), (27, 18), (27, 17), (27, 16), (27, 15), (27, 14), (27, 13)] 
Custo: 159 
Nos Gerados: 77 
Nos Visitados: 40 
Funcao de Custo: 3 
 Heuristica: Manhattan

A*:
Inicio: (23, 23) 
Chegada: (27, 13) 
Caminho: [(23, 23), (23, 22), (24, 22), (25, 22), (26, 22), (27, 22), (27, 21), (27, 20), (27, 19), (27, 18), (27, 17), (27, 16), (27, 15), (27, 14), (27, 13)] 
Custo: 114 
Nos Gerados: 42 
Nos Visitados: 15 
Funcao de Custo: 4 
 Heuristica: Manhattan

A*:
Inicio: (19, 6) 
Chegada: (25, 0) 
Caminho: [(19, 6), (19, 5), (20, 5), (21, 5), (21, 4), (21, 3), (22, 3), (23, 3), (23, 2), (24, 2), (24, 1), (25, 1), (25, 0)] 
Custo: 120 
Nos Gerados: 31 
Nos Visitados: 13 
Funcao de Custo: 1 
 Heuristica: Manhattan

A*:
Inicio: (19, 6) 
Chegada: (25, 0) 
Caminho: [(19, 6), (20, 6), (21, 6), (22, 6), (23, 6), (24, 6), (25, 6), (25, 5), (25, 4), (25, 3), (25, 2), (25, 1), (25, 0)] 
Custo: 150 
Nos Gerados: 82 
Nos Visitados: 60 
Funcao de Custo: 2 
 Heuristica: Manhattan

A*:
Inicio: (19, 6) 
Chegada: (25, 0) 
Caminho: [(19, 6), (20, 6), (21, 6), (22, 6), (23, 6), (24, 6), (25, 6), (25, 5), (25, 4), (25, 3), (25, 2), (25, 1), (25, 0)] 
Custo: 135 
Nos Gerados: 67 
Nos Visitados: 40 
Funcao de Custo: 3 
 Heuristica: Manhattan

A*:
Inicio: (19, 6) 
Chegada: (25, 0) 
Caminho: [(19, 6), (19, 5), (20, 5), (21, 5), (22, 5), (23, 5), (24, 5), (24, 4), (24, 3), (24, 2), (24, 1), (24, 0), (25, 0)] 
Custo: 105 
Nos Gerados: 35 
Nos Visitados: 13 
Funcao de Custo: 4 
 Heuristica: Manhattan

A*:
Inicio: (19, 1) 
Chegada: (23, 16) 
Caminho: [(19, 1), (19, 2), (20, 2), (21, 2), (22, 2), (23, 2), (23, 3), (23, 4), (23, 5), (23, 6), (23, 7), (23, 8), (23, 9), (23, 10), (23, 11), (23, 12), (23, 13), (23, 14), (23, 15), (23, 16)] 
Custo: 190 
Nos Gerados: 57 
Nos Visitados: 20 
Funcao de Custo: 1 
 Heuristica: Manhattan

A*:
Inicio: (19, 1) 
Chegada: (23, 16) 
Caminho: [(19, 1), (20, 1), (21, 1), (22, 1), (23, 1), (23, 2), (23, 3), (23, 4), (23, 5), (23, 6), (23, 7), (23, 8), (23, 9), (23, 10), (23, 11), (23, 12), (23, 13), (23, 14), (23, 15), (23, 16)] 
Custo: 265 
Nos Gerados: 173 
Nos Visitados: 136 
Funcao de Custo: 2 
 Heuristica: Manhattan

A*:
Inicio: (19, 1) 
Chegada: (23, 16) 
Caminho: [(19, 1), (20, 1), (21, 1), (22, 1), (23, 1), (23, 2), (23, 3), (23, 4), (23, 5), (23, 6), (23, 7), (23, 8), (23, 9), (23, 10), (23, 11), (23, 12), (23, 13), (23, 14), (23, 15), (23, 16)] 
Custo: 223 
Nos Gerados: 132 
Nos Visitados: 90 
Funcao de Custo: 3 
 Heuristica: Manhattan

A*:
Inicio: (19, 1) 
Chegada: (23, 16) 
Caminho: [(19, 1), (19, 2), (20, 2), (21, 2), (22, 2), (23, 2), (23, 3), (23, 4), (23, 5), (23, 6), (23, 7), (23, 8), (23, 9), (23, 10), (23, 11), (23, 12), (23, 13), (23, 14), (23, 15), (23, 16)] 
Custo: 164 
Nos Gerados: 57 
Nos Visitados: 20 
Funcao de Custo: 4 
 Heuristica: Manhattan

A*:
Inicio: (4, 8) 
Chegada: (20, 9) 
Caminho: [(4, 8), (5, 8), (5, 9), (6, 9), (7, 9), (8, 9), (9, 9), (10, 9), (11, 9), (12, 9), (13, 9), (14, 9), (15, 9), (16, 9), (17, 9), (18, 9), (19, 9), (20, 9)] 
Custo: 170 
Nos Gerados: 51 
Nos Visitados: 18 
Funcao de Custo: 1 
 Heuristica: Manhattan

A*:
Inicio: (4, 8) 
Chegada: (20, 9) 
Caminho: [(4, 8), (5, 8), (6, 8), (7, 8), (8, 8), (9, 8), (10, 8), (11, 8), (12, 8), (13, 8), (14, 8), (15, 8), (16, 8), (17, 8), (18, 8), (19, 8), (20, 8), (20, 9)] 
Custo: 175 
Nos Gerados: 53 
Nos Visitados: 18 
Funcao de Custo: 2 
 Heuristica: Manhattan

A*:
Inicio: (4, 8) 
Chegada: (20, 9) 
Caminho: [(4, 8), (4, 9), (5, 9), (6, 9), (7, 9), (8, 9), (9, 9), (10, 9), (11, 9), (12, 9), (13, 9), (14, 9), (15, 9), (16, 9), (17, 9), (18, 9), (19, 9), (20, 9)] 
Custo: 170 
Nos Gerados: 52 
Nos Visitados: 18 
Funcao de Custo: 3 
 Heuristica: Manhattan

A*:
Inicio: (4, 8) 
Chegada: (20, 9) 
Caminho: [(4, 8), (4, 9), (5, 9), (6, 9), (7, 9), (8, 9), (9, 9), (10, 9), (11, 9), (12, 9), (13, 9), (14, 9), (15, 9), (16, 9), (17, 9), (18, 9), (19, 9), (20, 9)] 
Custo: 165 
Nos Gerados: 52 
Nos Visitados: 18 
Funcao de Custo: 4 
 Heuristica: Manhattan

A*:
Inicio: (26, 26) 
Chegada: (28, 13) 
Caminho: [(26, 26), (26, 25), (27, 25), (28, 25), (28, 24), (28, 23), (28, 22), (28, 21), (28, 20), (28, 19), (28, 18), (28, 17), (28, 16), (28, 15), (28, 14), (28, 13)] 
Custo: 150 
Nos Gerados: 45 
Nos Visitados: 16 
Funcao de Custo: 1 
 Heuristica: Manhattan

A*:
Inicio: (26, 26) 
Chegada: (28, 13) 
Caminho: [(26, 26), (27, 26), (28, 26), (28, 25), (28, 24), (28, 23), (28, 22), (28, 21), (28, 20), (28, 19), (28, 18), (28, 17), (28, 16), (28, 15), (28, 14), (28, 13)] 
Custo: 215 
Nos Gerados: 111 
Nos Visitados: 79 
Funcao de Custo: 2 
 Heuristica: Manhattan

A*:
Inicio: (26, 26) 
Chegada: (28, 13) 
Caminho: [(26, 26), (27, 26), (28, 26), (28, 25), (28, 24), (28, 23), (28, 22), (28, 21), (28, 20), (28, 19), (28, 18), (28, 17), (28, 16), (28, 15), (28, 14), (28, 13)] 
Custo: 178 
Nos Gerados: 79 
Nos Visitados: 41 
Funcao de Custo: 3 
 Heuristica: Manhattan

A*:
Inicio: (26, 26) 
Chegada: (28, 13) 
Caminho: [(26, 26), (26, 25), (27, 25), (28, 25), (28, 24), (28, 23), (28, 22), (28, 21), (28, 20), (28, 19), (28, 18), (28, 17), (28, 16), (28, 15), (28, 14), (28, 13)] 
Custo: 127 
Nos Gerados: 48 
Nos Visitados: 19 
Funcao de Custo: 4 
 Heuristica: Manhattan

A*:
Inicio: (3, 14) 
Chegada: (15, 8) 
Caminho: [(3, 14), (4, 14), (4, 13), (4, 12), (5, 12), (5, 11), (5, 10), (6, 10), (6, 9), (7, 9), (8, 9), (8, 8), (9, 8), (10, 8), (11, 8), (12, 8), (13, 8), (14, 8), (15, 8)] 
Custo: 180 
Nos Gerados: 48 
Nos Visitados: 19 
Funcao de Custo: 1 
 Heuristica: Manhattan

A*:
Inicio: (3, 14) 
Chegada: (15, 8) 
Caminho: [(3, 14), (4, 14), (5, 14), (6, 14), (7, 14), (8, 14), (9, 14), (10, 14), (11, 14), (12, 14), (13, 14), (14, 14), (15, 14), (15, 13), (15, 12), (15, 11), (15, 10), (15, 9), (15, 8)] 
Custo: 210 
Nos Gerados: 146 
Nos Visitados: 106 
Funcao de Custo: 2 
 Heuristica: Manhattan

A*:
Inicio: (3, 14) 
Chegada: (15, 8) 
Caminho: [(3, 14), (4, 14), (5, 14), (6, 14), (7, 14), (8, 14), (9, 14), (9, 13), (9, 12), (10, 12), (11, 12), (12, 12), (13, 12), (13, 11), (13, 10), (14, 10), (15, 10), (15, 9), (15, 8)] 
Custo: 191 
Nos Gerados: 117 
Nos Visitados: 73 
Funcao de Custo: 3 
 Heuristica: Manhattan

A*:
Inicio: (3, 14) 
Chegada: (15, 8) 
Caminho: [(3, 14), (3, 13), (4, 13), (5, 13), (6, 13), (7, 13), (8, 13), (8, 12), (8, 11), (8, 10), (8, 9), (8, 8), (9, 8), (10, 8), (11, 8), (12, 8), (13, 8), (14, 8), (15, 8)] 
Custo: 165 
Nos Gerados: 53 
Nos Visitados: 19 
Funcao de Custo: 4 
 Heuristica: Manhattan

A*:
Inicio: (30, 22) 
Chegada: (18, 3) 
Caminho: [(30, 22), (29, 22), (28, 22), (28, 21), (28, 20), (27, 20), (27, 19), (26, 19), (25, 19), (24, 19), (23, 19), (22, 19), (22, 18), (22, 17), (22, 16), (21, 16), (20, 16), (20, 15), (20, 14), (19, 14), (18, 14), (18, 13), (18, 12), (18, 11), (18, 10), (18, 9), (18, 8), (18, 7), (18, 6), (18, 5), (18, 4), (18, 3)] 
Custo: 310 
Nos Gerados: 85 
Nos Visitados: 32 
Funcao de Custo: 1 
 Heuristica: Manhattan

A*:
Inicio: (30, 22) 
Chegada: (18, 3) 
Caminho: [(30, 22), (29, 22), (28, 22), (27, 22), (26, 22), (25, 22), (24, 22), (23, 22), (22, 22), (21, 22), (20, 22), (19, 22), (18, 22), (18, 21), (18, 20), (18, 19), (18, 18), (18, 17), (18, 16), (18, 15), (18, 14), (18, 13), (18, 12), (18, 11), (18, 10), (18, 9), (18, 8), (18, 7), (18, 6), (18, 5), (18, 4), (18, 3)] 
Custo: 405 
Nos Gerados: 391 
Nos Visitados: 343 
Funcao de Custo: 2 
 Heuristica: Manhattan

A*:
Inicio: (30, 22) 
Chegada: (18, 3) 
Caminho: [(30, 22), (30, 21), (29, 21), (28, 21), (27, 21), (26, 21), (25, 21), (25, 20), (24, 20), (23, 20), (22, 20), (21, 20), (20, 20), (20, 19), (19, 19), (18, 19), (18, 18), (18, 17), (18, 16), (18, 15), (18, 14), (18, 13), (18, 12), (18, 11), (18, 10), (18, 9), (18, 8), (18, 7), (18, 6), (18, 5), (18, 4), (18, 3)] 
Custo: 352 
Nos Gerados: 298 
Nos Visitados: 234 
Funcao de Custo: 3 
 Heuristica: Manhattan

A*:
Inicio: (30, 22) 
Chegada: (18, 3) 
Caminho: [(30, 22), (30, 21), (29, 21), (28, 21), (27, 21), (26, 21), (25, 21), (25, 20), (25, 19), (25, 18), (25, 17), (25, 16), (25, 15), (25, 14), (25, 13), (25, 12), (25, 11), (25, 10), (24, 10), (23, 10), (22, 10), (21, 10), (20, 10), (20, 9), (20, 8), (20, 7), (20, 6), (20, 5), (20, 4), (19, 4), (18, 4), (18, 3)] 
Custo: 268 
Nos Gerados: 94 
Nos Visitados: 37 
Funcao de Custo: 4 
 Heuristica: Manhattan

A*:
Inicio: (18, 23) 
Chegada: (25, 18) 
Caminho: [(18, 23), (19, 23), (20, 23), (20, 22), (21, 22), (22, 22), (22, 21), (23, 21), (23, 20), (23, 19), (24, 19), (24, 18), (25, 18)] 
Custo: 120 
Nos Gerados: 31 
Nos Visitados: 13 
Funcao de Custo: 1 
 Heuristica: Manhattan

A*:
Inicio: (18, 23) 
Chegada: (25, 18) 
Caminho: [(18, 23), (19, 23), (20, 23), (21, 23), (22, 23), (23, 23), (24, 23), (25, 23), (25, 22), (25, 21), (25, 20), (25, 19), (25, 18)] 
Custo: 145 
Nos Gerados: 76 
Nos Visitados: 49 
Funcao de Custo: 2 
 Heuristica: Manhattan

A*:
Inicio: (18, 23) 
Chegada: (25, 18) 
Caminho: [(18, 23), (19, 23), (20, 23), (21, 23), (22, 23), (23, 23), (24, 23), (24, 22), (24, 21), (25, 21), (25, 20), (25, 19), (25, 18)] 
Custo: 133 
Nos Gerados: 71 
Nos Visitados: 41 
Funcao de Custo: 3 
 Heuristica: Manhattan

A*:
Inicio: (18, 23) 
Chegada: (25, 18) 
Caminho: [(18, 23), (18, 22), (19, 22), (20, 22), (21, 22), (22, 22), (23, 22), (24, 22), (24, 21), (24, 20), (24, 19), (24, 18), (25, 18)] 
Custo: 105 
Nos Gerados: 36 
Nos Visitados: 13 
Funcao de Custo: 4 
 Heuristica: Manhattan

A*:
Inicio: (8, 11) 
Chegada: (4, 20) 
Caminho: [(8, 11), (8, 12), (7, 12), (6, 12), (5, 12), (4, 12), (4, 13), (4, 14), (4, 15), (4, 16), (4, 17), (4, 18), (4, 19), (4, 20)] 
Custo: 130 
Nos Gerados: 39 
Nos Visitados: 14 
Funcao de Custo: 1 
 Heuristica: Manhattan

A*:
Inicio: (8, 11) 
Chegada: (4, 20) 
Caminho: [(8, 11), (7, 11), (6, 11), (5, 11), (4, 11), (4, 12), (4, 13), (4, 14), (4, 15), (4, 16), (4, 17), (4, 18), (4, 19), (4, 20)] 
Custo: 175 
Nos Gerados: 103 
Nos Visitados: 72 
Funcao de Custo: 2 
 Heuristica: Manhattan

A*:
Inicio: (8, 11) 
Chegada: (4, 20) 
Caminho: [(8, 11), (7, 11), (6, 11), (5, 11), (4, 11), (4, 12), (4, 13), (4, 14), (4, 15), (4, 16), (4, 17), (4, 18), (4, 19), (4, 20)] 
Custo: 148 
Nos Gerados: 73 
Nos Visitados: 38 
Funcao de Custo: 3 
 Heuristica: Manhattan

A*:
Inicio: (8, 11) 
Chegada: (4, 20) 
Caminho: [(8, 11), (8, 12), (7, 12), (6, 12), (5, 12), (4, 12), (4, 13), (4, 14), (4, 15), (4, 16), (4, 17), (4, 18), (4, 19), (4, 20)] 
Custo: 107 
Nos Gerados: 39 
Nos Visitados: 14 
Funcao de Custo: 4 
 Heuristica: Manhattan

A*:
Inicio: (11, 13) 
Chegada: (12, 24) 
Caminho: [(11, 13), (11, 14), (12, 14), (12, 15), (12, 16), (12, 17), (12, 18), (12, 19), (12, 20), (12, 21), (12, 22), (12, 23), (12, 24)] 
Custo: 120 
Nos Gerados: 36 
Nos Visitados: 13 
Funcao de Custo: 1 
 Heuristica: Manhattan

A*:
Inicio: (11, 13) 
Chegada: (12, 24) 
Caminho: [(11, 13), (12, 13), (12, 14), (12, 15), (12, 16), (12, 17), (12, 18), (12, 19), (12, 20), (12, 21), (12, 22), (12, 23), (12, 24)] 
Custo: 175 
Nos Gerados: 78 
Nos Visitados: 49 
Funcao de Custo: 2 
 Heuristica: Manhattan

A*:
Inicio: (11, 13) 
Chegada: (12, 24) 
Caminho: [(11, 13), (11, 14), (12, 14), (12, 15), (12, 16), (12, 17), (12, 18), (12, 19), (12, 20), (12, 21), (12, 22), (12, 23), (12, 24)] 
Custo: 145 
Nos Gerados: 48 
Nos Visitados: 22 
Funcao de Custo: 3 
 Heuristica: Manhattan

A*:
Inicio: (11, 13) 
Chegada: (12, 24) 
Caminho: [(11, 13), (11, 14), (12, 14), (12, 15), (12, 16), (12, 17), (12, 18), (12, 19), (12, 20), (12, 21), (12, 22), (12, 23), (12, 24)] 
Custo: 110 
Nos Gerados: 40 
Nos Visitados: 16 
Funcao de Custo: 4 
 Heuristica: Manhattan

A*:
Inicio: (8, 27) 
Chegada: (8, 15) 
Caminho: [(8, 27), (8, 26), (8, 25), (8, 24), (8, 23), (8, 22), (8, 21), (8, 20), (8, 19), (8, 18), (8, 17), (8, 16), (8, 15)] 
Custo: 120 
Nos Gerados: 38 
Nos Visitados: 13 
Funcao de Custo: 1 
 Heuristica: Manhattan

A*:
Inicio: (8, 27) 
Chegada: (8, 15) 
Caminho: [(8, 27), (8, 26), (8, 25), (8, 24), (8, 23), (8, 22), (8, 21), (8, 20), (8, 19), (8, 18), (8, 17), (8, 16), (8, 15)] 
Custo: 180 
Nos Gerados: 70 
Nos Visitados: 41 
Funcao de Custo: 2 
 Heuristica: Manhattan

A*:
Inicio: (8, 27) 
Chegada: (8, 15) 
Caminho: [(8, 27), (8, 26), (8, 25), (8, 24), (8, 23), (8, 22), (8, 21), (8, 20), (8, 19), (8, 18), (8, 17), (8, 16), (8, 15)] 
Custo: 150 
Nos Gerados: 49 
Nos Visitados: 22 
Funcao de Custo: 3 
 Heuristica: Manhattan

A*:
Inicio: (8, 27) 
Chegada: (8, 15) 
Caminho: [(8, 27), (8, 26), (8, 25), (8, 24), (8, 23), (8, 22), (8, 21), (8, 20), (8, 19), (8, 18), (8, 17), (8, 16), (8, 15)] 
Custo: 115 
Nos Gerados: 38 
Nos Visitados: 13 
Funcao de Custo: 4 
 Heuristica: Manhattan

A*:
Inicio: (8, 16) 
Chegada: (4, 30) 
Caminho: [(8, 16), (8, 17), (7, 17), (7, 18), (7, 19), (7, 20), (6, 20), (5, 20), (5, 21), (4, 21), (4, 22), (4, 23), (4, 24), (4, 25), (4, 26), (4, 27), (4, 28), (4, 29), (4, 30)] 
Custo: 180 
Nos Gerados: 50 
Nos Visitados: 19 
Funcao de Custo: 1 
 Heuristica: Manhattan

A*:
Inicio: (8, 16) 
Chegada: (4, 30) 
Caminho: [(8, 16), (7, 16), (6, 16), (5, 16), (4, 16), (4, 17), (4, 18), (4, 19), (4, 20), (4, 21), (4, 22), (4, 23), (4, 24), (4, 25), (4, 26), (4, 27), (4, 28), (4, 29), (4, 30)] 
Custo: 250 
Nos Gerados: 172 
Nos Visitados: 132 
Funcao de Custo: 2 
 Heuristica: Manhattan

A*:
Inicio: (8, 16) 
Chegada: (4, 30) 
Caminho: [(8, 16), (8, 17), (7, 17), (6, 17), (5, 17), (4, 17), (4, 18), (4, 19), (4, 20), (4, 21), (4, 22), (4, 23), (4, 24), (4, 25), (4, 26), (4, 27), (4, 28), (4, 29), (4, 30)] 
Custo: 211 
Nos Gerados: 123 
Nos Visitados: 81 
Funcao de Custo: 3 
 Heuristica: Manhattan

A*:
Inicio: (8, 16) 
Chegada: (4, 30) 
Caminho: [(8, 16), (8, 17), (7, 17), (6, 17), (5, 17), (4, 17), (4, 18), (4, 19), (4, 20), (4, 21), (4, 22), (4, 23), (4, 24), (4, 25), (4, 26), (4, 27), (4, 28), (4, 29), (4, 30)] 
Custo: 152 
Nos Gerados: 54 
Nos Visitados: 19 
Funcao de Custo: 4 
 Heuristica: Manhattan

A*:
Inicio: (17, 28) 
Chegada: (30, 2) 
Caminho: [(17, 28), (17, 27), (18, 27), (19, 27), (19, 26), (19, 25), (19, 24), (20, 24), (20, 23), (20, 22), (21, 22), (21, 21), (21, 20), (22, 20), (23, 20), (23, 19), (23, 18), (24, 18), (24, 17), (25, 17), (25, 16), (25, 15), (25, 14), (25, 13), (25, 12), (26, 12), (27, 12), (27, 11), (27, 10), (28, 10), (28, 9), (28, 8), (28, 7), (29, 7), (30, 7), (30, 6), (30, 5), (30, 4), (30, 3), (30, 2)] 
Custo: 390 
Nos Gerados: 96 
Nos Visitados: 40 
Funcao de Custo: 1 
 Heuristica: Manhattan

A*:
Inicio: (17, 28) 
Chegada: (30, 2) 
Caminho: [(17, 28), (18, 28), (19, 28), (20, 28), (21, 28), (22, 28), (23, 28), (24, 28), (25, 28), (26, 28), (27, 28), (28, 28), (29, 28), (30, 28), (30, 27), (30, 26), (30, 25), (30, 24), (30, 23), (30, 22), (30, 21), (30, 20), (30, 19), (30, 18), (30, 17), (30, 16), (30, 15), (30, 14), (30, 13), (30, 12), (30, 11), (30, 10), (30, 9), (30, 8), (30, 7), (30, 6), (30, 5), (30, 4), (30, 3), (30, 2)] 
Custo: 520 
Nos Gerados: 521 
Nos Visitados: 480 
Funcao de Custo: 2 
 Heuristica: Manhattan

A*:
Inicio: (17, 28) 
Chegada: (30, 2) 
Caminho: [(17, 28), (18, 28), (19, 28), (20, 28), (21, 28), (22, 28), (23, 28), (23, 27), (23, 26), (24, 26), (25, 26), (26, 26), (27, 26), (27, 25), (27, 24), (28, 24), (29, 24), (30, 24), (30, 23), (30, 22), (30, 21), (30, 20), (30, 19), (30, 18), (30, 17), (30, 16), (30, 15), (30, 14), (30, 13), (30, 12), (30, 11), (30, 10), (30, 9), (30, 8), (30, 7), (30, 6), (30, 5), (30, 4), (30, 3), (30, 2)] 
Custo: 445 
Nos Gerados: 427 
Nos Visitados: 369 
Funcao de Custo: 3 
 Heuristica: Manhattan

A*:
Inicio: (17, 28) 
Chegada: (30, 2) 
Caminho: [(17, 28), (17, 27), (18, 27), (19, 27), (20, 27), (21, 27), (22, 27), (23, 27), (23, 26), (23, 25), (23, 24), (23, 23), (23, 22), (23, 21), (23, 20), (23, 19), (23, 18), (23, 17), (24, 17), (25, 17), (26, 17), (27, 17), (28, 17), (28, 16), (28, 15), (28, 14), (28, 13), (28, 12), (28, 11), (29, 11), (30, 11), (30, 10), (30, 9), (30, 8), (30, 7), (30, 6), (30, 5), (30, 4), (30, 3), (30, 2)] 
Custo: 342 
Nos Gerados: 116 
Nos Visitados: 54 
Funcao de Custo: 4 
 Heuristica: Manhattan

A*:
Inicio: (0, 30) 
Chegada: (8, 10) 
Caminho: [(0, 30), (0, 29), (0, 28), (1, 28), (1, 27), (2, 27), (3, 27), (3, 26), (3, 25), (3, 24), (4, 24), (4, 23), (5, 23), (6, 23), (6, 22), (7, 22), (7, 21), (7, 20), (7, 19), (8, 19), (8, 18), (8, 17), (8, 16), (8, 15), (8, 14), (8, 13), (8, 12), (8, 11), (8, 10)] 
Custo: 280 
Nos Gerados: 70 
Nos Visitados: 29 
Funcao de Custo: 1 
 Heuristica: Manhattan

A*:
Inicio: (0, 30) 
Chegada: (8, 10) 
Caminho: [(0, 30), (1, 30), (2, 30), (3, 30), (4, 30), (5, 30), (6, 30), (7, 30), (8, 30), (8, 29), (8, 28), (8, 27), (8, 26), (8, 25), (8, 24), (8, 23), (8, 22), (8, 21), (8, 20), (8, 19), (8, 18), (8, 17), (8, 16), (8, 15), (8, 14), (8, 13), (8, 12), (8, 11), (8, 10)] 
Custo: 380 
Nos Gerados: 257 
Nos Visitados: 229 
Funcao de Custo: 2 
 Heuristica: Manhattan

A*:
Inicio: (0, 30) 
Chegada: (8, 10) 
Caminho: [(0, 30), (1, 30), (2, 30), (3, 30), (4, 30), (5, 30), (6, 30), (6, 29), (7, 29), (8, 29), (8, 28), (8, 27), (8, 26), (8, 25), (8, 24), (8, 23), (8, 22), (8, 21), (8, 20), (8, 19), (8, 18), (8, 17), (8, 16), (8, 15), (8, 14), (8, 13), (8, 12), (8, 11), (8, 10)] 
Custo: 328 
Nos Gerados: 223 
Nos Visitados: 179 
Funcao de Custo: 3 
 Heuristica: Manhattan

A*:
Inicio: (0, 30) 
Chegada: (8, 10) 
Caminho: [(0, 30), (0, 29), (1, 29), (2, 29), (3, 29), (4, 29), (5, 29), (5, 28), (5, 27), (5, 26), (5, 25), (5, 24), (5, 23), (5, 22), (5, 21), (5, 20), (5, 19), (5, 18), (5, 17), (6, 17), (7, 17), (8, 17), (8, 16), (8, 15), (8, 14), (8, 13), (8, 12), (8, 11), (8, 10)] 
Custo: 241 
Nos Gerados: 95 
Nos Visitados: 44 
Funcao de Custo: 4 
 Heuristica: Manhattan

A*:
Inicio: (20, 10) 
Chegada: (13, 0) 
Caminho: [(20, 10), (19, 10), (18, 10), (18, 9), (17, 9), (16, 9), (15, 9), (15, 8), (14, 8), (13, 8), (13, 7), (13, 6), (13, 5), (13, 4), (13, 3), (13, 2), (13, 1), (13, 0)] 
Custo: 170 
Nos Gerados: 48 
Nos Visitados: 18 
Funcao de Custo: 1 
 Heuristica: Manhattan

A*:
Inicio: (20, 10) 
Chegada: (13, 0) 
Caminho: [(20, 10), (19, 10), (18, 10), (17, 10), (16, 10), (15, 10), (14, 10), (13, 10), (13, 9), (13, 8), (13, 7), (13, 6), (13, 5), (13, 4), (13, 3), (13, 2), (13, 1), (13, 0)] 
Custo: 220 
Nos Gerados: 157 
Nos Visitados: 123 
Funcao de Custo: 2 
 Heuristica: Manhattan

A*:
Inicio: (20, 10) 
Chegada: (13, 0) 
Caminho: [(20, 10), (19, 10), (18, 10), (17, 10), (16, 10), (15, 10), (14, 10), (14, 9), (14, 8), (13, 8), (13, 7), (13, 6), (13, 5), (13, 4), (13, 3), (13, 2), (13, 1), (13, 0)] 
Custo: 193 
Nos Gerados: 129 
Nos Visitados: 81 
Funcao de Custo: 3 
 Heuristica: Manhattan

A*:
Inicio: (20, 10) 
Chegada: (13, 0) 
Caminho: [(20, 10), (20, 9), (19, 9), (18, 9), (17, 9), (16, 9), (15, 9), (15, 8), (15, 7), (15, 6), (15, 5), (15, 4), (15, 3), (15, 2), (15, 1), (15, 0), (14, 0), (13, 0)] 
Custo: 141 
Nos Gerados: 48 
Nos Visitados: 18 
Funcao de Custo: 4 
 Heuristica: Manhattan

A*:
Inicio: (8, 22) 
Chegada: (6, 15) 
Caminho: [(8, 22), (8, 21), (8, 20), (7, 20), (6, 20), (6, 19), (6, 18), (6, 17), (6, 16), (6, 15)] 
Custo: 90 
Nos Gerados: 27 
Nos Visitados: 10 
Funcao de Custo: 1 
 Heuristica: Manhattan

A*:
Inicio: (8, 22) 
Chegada: (6, 15) 
Caminho: [(8, 22), (7, 22), (6, 22), (6, 21), (6, 20), (6, 19), (6, 18), (6, 17), (6, 16), (6, 15)] 
Custo: 125 
Nos Gerados: 57 
Nos Visitados: 35 
Funcao de Custo: 2 
 Heuristica: Manhattan

A*:
Inicio: (8, 22) 
Chegada: (6, 15) 
Caminho: [(8, 22), (8, 21), (7, 21), (6, 21), (6, 20), (6, 19), (6, 18), (6, 17), (6, 16), (6, 15)] 
Custo: 99 
Nos Gerados: 30 
Nos Visitados: 14 
Funcao de Custo: 3 
 Heuristica: Manhattan

A*:
Inicio: (8, 22) 
Chegada: (6, 15) 
Caminho: [(8, 22), (8, 21), (7, 21), (6, 21), (6, 20), (6, 19), (6, 18), (6, 17), (6, 16), (6, 15)] 
Custo: 88 
Nos Gerados: 30 
Nos Visitados: 13 
Funcao de Custo: 4 
 Heuristica: Manhattan

A*:
Inicio: (4, 23) 
Chegada: (3, 7) 
Caminho: [(4, 23), (3, 23), (3, 22), (3, 21), (3, 20), (3, 19), (3, 18), (3, 17), (3, 16), (3, 15), (3, 14), (3, 13), (3, 12), (3, 11), (3, 10), (3, 9), (3, 8), (3, 7)] 
Custo: 170 
Nos Gerados: 52 
Nos Visitados: 18 
Funcao de Custo: 1 
 Heuristica: Manhattan

A*:
Inicio: (4, 23) 
Chegada: (3, 7) 
Caminho: [(4, 23), (3, 23), (3, 22), (3, 21), (3, 20), (3, 19), (3, 18), (3, 17), (3, 16), (3, 15), (3, 14), (3, 13), (3, 12), (3, 11), (3, 10), (3, 9), (3, 8), (3, 7)] 
Custo: 250 
Nos Gerados: 138 
Nos Visitados: 100 
Funcao de Custo: 2 
 Heuristica: Manhattan

A*:
Inicio: (4, 23) 
Chegada: (3, 7) 
Caminho: [(4, 23), (4, 22), (4, 21), (3, 21), (3, 20), (3, 19), (3, 18), (3, 17), (3, 16), (3, 15), (3, 14), (3, 13), (3, 12), (3, 11), (3, 10), (3, 9), (3, 8), (3, 7)] 
Custo: 206 
Nos Gerados: 78 
Nos Visitados: 42 
Funcao de Custo: 3 
 Heuristica: Manhattan

A*:
Inicio: (4, 23) 
Chegada: (3, 7) 
Caminho: [(4, 23), (4, 22), (3, 22), (3, 21), (3, 20), (3, 19), (3, 18), (3, 17), (3, 16), (3, 15), (3, 14), (3, 13), (3, 12), (3, 11), (3, 10), (3, 9), (3, 8), (3, 7)] 
Custo: 150 
Nos Gerados: 55 
Nos Visitados: 21 
Funcao de Custo: 4 
 Heuristica: Manhattan

A*:
Inicio: (22, 24) 
Chegada: (5, 5) 
Caminho: [(22, 24), (21, 24), (21, 23), (20, 23), (19, 23), (18, 23), (17, 23), (16, 23), (15, 23), (14, 23), (14, 22), (14, 21), (13, 21), (13, 20), (12, 20), (12, 19), (11, 19), (11, 18), (10, 18), (9, 18), (8, 18), (8, 17), (8, 16), (8, 15), (7, 15), (7, 14), (6, 14), (5, 14), (5, 13), (5, 12), (5, 11), (5, 10), (5, 9), (5, 8), (5, 7), (5, 6), (5, 5)] 
Custo: 360 
Nos Gerados: 95 
Nos Visitados: 37 
Funcao de Custo: 1 
 Heuristica: Manhattan

A*:
Inicio: (22, 24) 
Chegada: (5, 5) 
Caminho: [(22, 24), (21, 24), (20, 24), (19, 24), (18, 24), (17, 24), (16, 24), (15, 24), (14, 24), (13, 24), (12, 24), (11, 24), (10, 24), (9, 24), (8, 24), (7, 24), (6, 24), (5, 24), (5, 23), (5, 22), (5, 21), (5, 20), (5, 19), (5, 18), (5, 17), (5, 16), (5, 15), (5, 14), (5, 13), (5, 12), (5, 11), (5, 10), (5, 9), (5, 8), (5, 7), (5, 6), (5, 5)] 
Custo: 455 
Nos Gerados: 588 
Nos Visitados: 506 
Funcao de Custo: 2 
 Heuristica: Manhattan

A*:
Inicio: (22, 24) 
Chegada: (5, 5) 
Caminho: [(22, 24), (22, 23), (21, 23), (20, 23), (19, 23), (18, 23), (17, 23), (17, 22), (16, 22), (15, 22), (14, 22), (13, 22), (12, 22), (12, 21), (11, 21), (10, 21), (9, 21), (8, 21), (7, 21), (7, 20), (6, 20), (5, 20), (5, 19), (5, 18), (5, 17), (5, 16), (5, 15), (5, 14), (5, 13), (5, 12), (5, 11), (5, 10), (5, 9), (5, 8), (5, 7), (5, 6), (5, 5)] 
Custo: 402 
Nos Gerados: 425 
Nos Visitados: 328 
Funcao de Custo: 3 
 Heuristica: Manhattan

A*:
Inicio: (22, 24) 
Chegada: (5, 5) 
Caminho: [(22, 24), (22, 23), (21, 23), (20, 23), (19, 23), (18, 23), (17, 23), (16, 23), (16, 22), (16, 21), (16, 20), (16, 19), (16, 18), (16, 17), (16, 16), (16, 15), (16, 14), (15, 14), (14, 14), (13, 14), (12, 14), (11, 14), (10, 14), (10, 13), (10, 12), (10, 11), (10, 10), (10, 9), (10, 8), (9, 8), (8, 8), (7, 8), (6, 8), (5, 8), (5, 7), (5, 6), (5, 5)] 
Custo: 303 
Nos Gerados: 104 
Nos Visitados: 37 
Funcao de Custo: 4 
 Heuristica: Manhattan